0 21 1.0
0 905 1.0
0 906 1.0
0 1909 1.0
0 1940 1.0
0 1943 1.0
0 2059 1.0
0 2117 1.0
0 2122 1.0
0 2131 1.0
0 2143 1.0
0 2195 1.0
0 2229 1.0
0 2233 1.0
0 2248 1.0
0 2292 1.0
0 2301 1.0
0 2324 1.0
0 2336 1.0
0 2340 1.0
0 2342 1.0
0 2346 1.0
0 2353 1.0
0 2366 1.0
0 2368 1.0
0 2374 1.0
0 2378 1.0
0 2380 1.0
0 2396 1.0
0 2401 1.0
0 2402 1.0
0 2426 1.0
0 2427 1.0
0 2433 1.0
0 2469 1.0
0 2479 1.0
0 2492 1.0
0 2524 1.0
0 2525 1.0
0 2570 1.0
0 2572 1.0
0 2606 1.0
0 2610 1.0
0 2639 1.0
0 2655 1.0
0 2657 1.0
0 2666 1.0
0 2681 1.0
0 2695 1.0
0 2702 1.0
0 950 1.0
0 240 1.0
0 997 1.0
0 1010 1.0
0 1028 1.0
0 1053 1.0
0 1054 1.0
0 1073 1.0
0 281 1.0
0 31 1.0
0 1135 1.0
0 1144 1.0
0 311 1.0
0 1173 1.0
0 1175 1.0
0 42 1.0
0 1196 1.0
0 1199 1.0
0 1200 1.0
0 1212 1.0
0 1217 1.0
0 1250 1.0
0 1255 1.0
0 1287 1.0
0 1290 1.0
0 1298 1.0
0 1304 1.0
0 1305 1.0
0 1314 1.0
0 1317 1.0
0 1321 1.0
0 1329 1.0
0 399 1.0
0 422 1.0
0 1341 1.0
0 1344 1.0
0 445 1.0
0 1348 1.0
0 1349 1.0
0 1350 1.0
0 1366 1.0
0 1393 1.0
0 487 1.0
0 488 1.0
0 498 1.0
0 524 1.0
0 1434 1.0
0 1460 1.0
0 557 1.0
0 1469 1.0
0 571 1.0
0 580 1.0
0 583 1.0
0 584 1.0
0 1498 1.0
0 605 1.0
0 1502 1.0
0 1503 1.0
0 1509 1.0
0 642 1.0
0 643 1.0
0 653 1.0
0 1530 1.0
0 1553 1.0
0 1556 1.0
0 1557 1.0
0 1558 1.0
0 1559 1.0
0 1560 1.0
0 1562 1.0
0 1563 1.0
0 1564 1.0
0 1570 1.0
0 1571 1.0
0 1574 1.0
0 1586 1.0
0 1589 1.0
0 1602 1.0
0 1610 1.0
0 1612 1.0
0 1617 1.0
0 1619 1.0
0 1625 1.0
0 1632 1.0
0 1637 1.0
0 1638 1.0
0 1639 1.0
0 1654 1.0
0 1689 1.0
0 1690 1.0
0 1691 1.0
0 1692 1.0
0 1696 1.0
0 1746 1.0
0 1748 1.0
0 1752 1.0
0 1754 1.0
0 712 1.0
0 713 1.0
0 720 1.0
0 737 1.0
0 738 1.0
0 1811 1.0
0 1835 1.0
0 790 1.0
0 1861 1.0
0 1862 1.0
0 803 1.0
0 806 1.0
0 817 1.0
0 822 1.0
0 827 1.0
0 186 1.0
0 13 1.0
0 880 1.0
0 883 1.0
1 2057 1.0
1 2149 1.0
1 950 1.0
2 1933 1.0
2 1973 1.0
2 1993 1.0
2 1994 1.0
2 2002 1.0
2 2032 1.0
2 2090 1.0
2 2137 1.0
2 2203 1.0
2 2209 1.0
2 2212 1.0
2 2244 1.0
2 2317 1.0
2 977 1.0
2 4 1.0
2 5 1.0
2 1033 1.0
2 1178 1.0
2 1185 1.0
2 368 1.0
2 414 1.0
2 421 1.0
2 424 1.0
2 427 1.0
2 432 1.0
2 434 1.0
2 1398 1.0
2 525 1.0
2 541 1.0
2 9 1.0
2 650 1.0
2 667 1.0
2 113 1.0
2 116 1.0
2 118 1.0
2 126 1.0
2 705 1.0
2 167 1.0
2 1851 1.0
2 172 1.0
2 846 1.0
2 1901 1.0
3 2065 1.0
3 1077 1.0
3 301 1.0
3 1169 1.0
3 1211 1.0
3 413 1.0
3 420 1.0
3 427 1.0
3 432 1.0
3 477 1.0
3 478 1.0
3 1398 1.0
3 525 1.0
3 541 1.0
3 116 1.0
3 122 1.0
3 774 1.0
4 2137 1.0
4 334 1.0
4 541 1.0
4 846 1.0
5 262 1.0
5 1400 1.0
5 541 1.0
7 2206 1.0
7 514 1.0
8 2544 1.0
8 1237 1.0
8 598 1.0
9 1322 1.0
10 666 1.0
11 1915 1.0
11 2112 1.0
11 12 1.0
11 837 1.0
12 1915 1.0
12 2005 1.0
12 837 1.0
13 207 1.0
13 1965 1.0
13 2095 1.0
13 2117 1.0
13 2127 1.0
13 940 1.0
13 240 1.0
13 1020 1.0
13 1109 1.0
13 1127 1.0
13 301 1.0
13 326 1.0
13 350 1.0
13 1321 1.0
13 431 1.0
13 1361 1.0
13 1362 1.0
13 1391 1.0
13 502 1.0
13 524 1.0
13 1640 1.0
13 111 1.0
13 121 1.0
13 123 1.0
13 706 1.0
13 830 1.0
13 1901 1.0
14 1942 1.0
14 1971 1.0
14 2145 1.0
14 2561 1.0
14 2583 1.0
14 494 1.0
14 15 1.0
15 1952 1.0
15 1971 1.0
15 1978 1.0
15 2055 1.0
15 2080 1.0
15 2136 1.0
15 2181 1.0
15 2219 1.0
15 2257 1.0
15 2276 1.0
15 2319 1.0
15 2384 1.0
15 2545 1.0
15 2583 1.0
15 2595 1.0
15 238 1.0
15 243 1.0
15 1004 1.0
15 246 1.0
15 1107 1.0
15 1247 1.0
15 1278 1.0
15 420 1.0
15 457 1.0
15 1395 1.0
15 1396 1.0
15 494 1.0
15 508 1.0
15 563 1.0
15 1477 1.0
15 602 1.0
15 104 1.0
15 1567 1.0
15 668 1.0
15 106 1.0
15 1695 1.0
15 727 1.0
15 1785 1.0
15 1795 1.0
15 1851 1.0
15 860 1.0
16 2016 1.0
16 2099 1.0
16 1001 1.0
16 42 1.0
16 1214 1.0
16 57 1.0
16 80 1.0
16 531 1.0
17 332 1.0
17 418 1.0
17 80 1.0
18 1001 1.0
18 332 1.0
18 418 1.0
18 80 1.0
18 17 1.0
19 2624 1.0
19 80 1.0
19 844 1.0
20 22 1.0
20 1920 1.0
20 1970 1.0
20 2403 1.0
20 2682 1.0
21 22 1.0
21 2018 1.0
22 2682 1.0
23 22 1.0
23 2018 1.0
23 2079 1.0
24 2706 1.0
24 1457 1.0
24 183 1.0
25 902 1.0
25 1916 1.0
25 1993 1.0
25 1060 1.0
26 1916 1.0
26 1944 1.0
26 560 1.0
26 658 1.0
26 109 1.0
27 1922 1.0
27 2041 1.0
27 2260 1.0
27 936 1.0
27 2293 1.0
27 2343 1.0
27 2385 1.0
27 2544 1.0
27 2547 1.0
27 1099 1.0
27 312 1.0
27 1179 1.0
27 339 1.0
27 1298 1.0
27 393 1.0
27 1338 1.0
27 453 1.0
27 454 1.0
27 1480 1.0
27 1512 1.0
27 639 1.0
27 1527 1.0
27 1529 1.0
27 1598 1.0
27 1693 1.0
27 711 1.0
27 151 1.0
27 152 1.0
27 824 1.0
27 825 1.0
27 854 1.0
27 881 1.0
28 1908 1.0
28 1917 1.0
28 1966 1.0
28 1996 1.0
28 2040 1.0
28 2078 1.0
28 2089 1.0
28 2135 1.0
28 2138 1.0
28 2145 1.0
28 2147 1.0
28 2153 1.0
28 2177 1.0
28 2182 1.0
28 2198 1.0
28 2222 1.0
28 2246 1.0
28 2258 1.0
28 2357 1.0
28 2391 1.0
28 2416 1.0
28 2485 1.0
28 2490 1.0
28 2491 1.0
28 2516 1.0
28 2518 1.0
28 2545 1.0
28 2548 1.0
28 2562 1.0
28 2563 1.0
28 2591 1.0
28 2621 1.0
28 2693 1.0
28 972 1.0
28 1047 1.0
28 1097 1.0
28 1109 1.0
28 1128 1.0
28 1156 1.0
28 1159 1.0
28 1160 1.0
28 358 1.0
28 369 1.0
28 370 1.0
28 371 1.0
28 1268 1.0
28 389 1.0
28 1389 1.0
28 1395 1.0
28 1397 1.0
28 544 1.0
28 1477 1.0
28 608 1.0
28 1529 1.0
28 1544 1.0
28 1669 1.0
28 1758 1.0
28 1761 1.0
28 739 1.0
28 162 1.0
28 164 1.0
28 786 1.0
28 1859 1.0
28 814 1.0
28 820 1.0
28 1875 1.0
28 841 1.0
28 852 1.0
28 1889 1.0
28 1890 1.0
28 1892 1.0
28 1893 1.0
28 1894 1.0
28 1895 1.0
30 1921 1.0
30 1991 1.0
30 2046 1.0
30 2096 1.0
30 2134 1.0
30 2158 1.0
30 2191 1.0
30 2227 1.0
30 2250 1.0
30 2673 1.0
30 262 1.0
30 1203 1.0
30 1449 1.0
30 92 1.0
30 1514 1.0
30 1517 1.0
31 1943 1.0
31 2469 1.0
31 2525 1.0
31 2532 1.0
31 2570 1.0
31 2639 1.0
31 1083 1.0
31 32 1.0
31 542 1.0
31 571 1.0
31 1570 1.0
31 1753 1.0
31 737 1.0
31 1811 1.0
31 817 1.0
32 542 1.0
33 2161 1.0
33 2176 1.0
33 2541 1.0
33 620 1.0
33 1831 1.0
34 504 1.0
35 2150 1.0
36 2049 1.0
36 2065 1.0
37 998 1.0
37 61 1.0
38 59 1.0
39 2024 1.0
39 2099 1.0
39 37 1.0
39 61 1.0
40 2647 1.0
40 2659 1.0
40 2660 1.0
40 37 1.0
41 930 1.0
41 2075 1.0
41 2301 1.0
41 42 1.0
42 891 1.0
42 2099 1.0
42 2211 1.0
42 2642 1.0
42 2645 1.0
42 35 1.0
42 1316 1.0
42 810 1.0
43 891 1.0
43 2624 1.0
43 2660 1.0
43 1127 1.0
43 1214 1.0
43 60 1.0
43 1374 1.0
43 530 1.0
43 760 1.0
43 807 1.0
44 1918 1.0
44 2050 1.0
44 2062 1.0
44 2063 1.0
44 1003 1.0
44 1090 1.0
44 74 1.0
44 612 1.0
44 158 1.0
45 1918 1.0
45 2281 1.0
45 2476 1.0
45 534 1.0
45 141 1.0
46 202 1.0
46 2022 1.0
46 2132 1.0
46 2412 1.0
46 1089 1.0
46 549 1.0
46 766 1.0
47 1906 1.0
47 1911 1.0
47 2000 1.0
47 2020 1.0
47 2050 1.0
47 2076 1.0
47 2151 1.0
47 2200 1.0
47 2227 1.0
47 2252 1.0
47 2330 1.0
47 2651 1.0
47 1034 1.0
47 1036 1.0
47 1078 1.0
47 312 1.0
47 1224 1.0
47 373 1.0
47 393 1.0
47 612 1.0
47 613 1.0
47 614 1.0
47 615 1.0
47 1592 1.0
47 1598 1.0
47 1599 1.0
47 702 1.0
47 151 1.0
47 152 1.0
47 755 1.0
48 899 1.0
48 918 1.0
48 1946 1.0
48 2174 1.0
48 2186 1.0
48 2217 1.0
48 2235 1.0
48 2590 1.0
48 1119 1.0
48 1135 1.0
48 1198 1.0
48 442 1.0
48 1384 1.0
48 1406 1.0
48 90 1.0
48 670 1.0
48 109 1.0
48 710 1.0
49 1961 1.0
49 2008 1.0
49 2039 1.0
49 2077 1.0
49 2186 1.0
49 2273 1.0
49 2294 1.0
49 2590 1.0
49 1198 1.0
49 1221 1.0
49 398 1.0
49 1492 1.0
49 638 1.0
50 2162 1.0
50 2421 1.0
50 2425 1.0
50 2481 1.0
50 2517 1.0
50 2554 1.0
50 2584 1.0
50 1253 1.0
50 1265 1.0
50 1335 1.0
50 1442 1.0
50 1579 1.0
50 1813 1.0
50 1815 1.0
50 1816 1.0
50 1843 1.0
50 884 1.0
51 2232 1.0
52 1980 1.0
52 2119 1.0
52 2162 1.0
52 2280 1.0
52 2421 1.0
52 2425 1.0
52 2481 1.0
52 2507 1.0
52 2517 1.0
52 2518 1.0
52 1209 1.0
52 1253 1.0
52 1267 1.0
52 50 1.0
52 1442 1.0
52 567 1.0
52 1576 1.0
52 1577 1.0
52 1578 1.0
52 1579 1.0
52 1591 1.0
52 1677 1.0
52 1680 1.0
52 1815 1.0
52 1816 1.0
52 1843 1.0
52 1854 1.0
52 884 1.0
53 2042 1.0
53 2245 1.0
53 55 1.0
53 1399 1.0
54 2040 1.0
