54 2042 1.0
54 2119 1.0
54 2140 1.0
54 2205 1.0
54 2257 1.0
54 2286 1.0
54 2519 1.0
54 1107 1.0
54 1301 1.0
54 53 1.0
54 55 1.0
54 1399 1.0
54 1495 1.0
54 102 1.0
54 106 1.0
54 885 1.0
55 2140 1.0
55 1301 1.0
55 53 1.0
55 1399 1.0
55 885 1.0
56 2255 1.0
56 233 1.0
56 1444 1.0
56 751 1.0
57 2023 1.0
57 1299 1.0
57 481 1.0
58 282 1.0
58 1244 1.0
58 456 1.0
58 1445 1.0
58 96 1.0
58 810 1.0
59 929 1.0
59 930 1.0
59 1238 1.0
59 810 1.0
60 1995 1.0
60 999 1.0
60 37 1.0
60 39 1.0
60 61 1.0
61 929 1.0
61 930 1.0
61 931 1.0
61 743 1.0
62 908 1.0
62 930 1.0
62 931 1.0
62 2611 1.0
62 37 1.0
62 1496 1.0
62 787 1.0
62 788 1.0
63 2070 1.0
63 1002 1.0
63 1003 1.0
63 1334 1.0
63 100 1.0
64 915 1.0
64 2012 1.0
64 2325 1.0
64 2454 1.0
64 1002 1.0
64 1003 1.0
64 1043 1.0
64 1112 1.0
64 1372 1.0
64 1376 1.0
64 65 1.0
64 1466 1.0
64 100 1.0
64 1531 1.0
64 1704 1.0
65 915 1.0
65 1002 1.0
65 1376 1.0
65 64 1.0
65 1466 1.0
65 100 1.0
65 1531 1.0
65 1704 1.0
66 1906 1.0
66 1120 1.0
66 1269 1.0
66 711 1.0
66 828 1.0
67 2004 1.0
67 2076 1.0
67 2236 1.0
67 2243 1.0
67 2600 1.0
67 2653 1.0
67 1158 1.0
67 1331 1.0
67 499 1.0
67 1464 1.0
67 613 1.0
67 138 1.0
67 718 1.0
67 140 1.0
67 156 1.0
68 2166 1.0
68 2313 1.0
68 2351 1.0
68 2417 1.0
68 2487 1.0
68 2509 1.0
68 971 1.0
68 1069 1.0
68 1120 1.0
68 1401 1.0
68 515 1.0
68 533 1.0
68 553 1.0
68 1472 1.0
68 1769 1.0
68 740 1.0
68 185 1.0
69 1939 1.0
69 2141 1.0
69 2434 1.0
69 2497 1.0
69 1119 1.0
69 1898 1.0
70 2497 1.0
70 2642 1.0
70 2645 1.0
70 1119 1.0
70 1120 1.0
71 887 1.0
71 1909 1.0
71 1940 1.0
71 1985 1.0
71 2007 1.0
71 2044 1.0
71 2055 1.0
71 2061 1.0
71 2116 1.0
71 2298 1.0
71 2308 1.0
71 2318 1.0
71 2357 1.0
71 2361 1.0
71 2428 1.0
71 2429 1.0
71 2431 1.0
71 2485 1.0
71 2491 1.0
71 2502 1.0
71 2586 1.0
71 2599 1.0
71 2615 1.0
71 2693 1.0
71 2700 1.0
71 963 1.0
71 1012 1.0
71 1097 1.0
71 289 1.0
71 1165 1.0
71 370 1.0
71 381 1.0
71 382 1.0
71 390 1.0
71 409 1.0
71 468 1.0
71 483 1.0
71 501 1.0
71 507 1.0
71 509 1.0
71 1440 1.0
71 1446 1.0
71 1479 1.0
71 1485 1.0
71 602 1.0
71 608 1.0
71 637 1.0
71 688 1.0
71 1698 1.0
71 1770 1.0
71 157 1.0
71 752 1.0
71 804 1.0
71 806 1.0
71 814 1.0
71 841 1.0
71 1885 1.0
71 847 1.0
71 1889 1.0
71 1893 1.0
71 874 1.0
72 912 1.0
72 1925 1.0
72 1998 1.0
72 1999 1.0
72 2019 1.0
72 2133 1.0
72 2164 1.0
72 2301 1.0
72 2355 1.0
72 2476 1.0
72 2648 1.0
72 1120 1.0
72 1151 1.0
72 1203 1.0
72 344 1.0
72 382 1.0
72 1303 1.0
72 1314 1.0
72 77 1.0
72 1388 1.0
72 533 1.0
72 534 1.0
72 584 1.0
72 609 1.0
72 131 1.0
72 695 1.0
72 696 1.0
72 1693 1.0
72 715 1.0
72 733 1.0
72 181 1.0
72 184 1.0
73 1998 1.0
73 2281 1.0
73 2355 1.0
73 344 1.0
73 349 1.0
73 1515 1.0
73 715 1.0
74 1939 1.0
74 2141 1.0
74 2304 1.0
74 1180 1.0
74 44 1.0
74 1328 1.0
74 1506 1.0
74 715 1.0
74 1900 1.0
75 2141 1.0
75 711 1.0
76 2304 1.0
76 1120 1.0
76 74 1.0
76 77 1.0
76 1646 1.0
77 1898 1.0
78 2081 1.0
78 2434 1.0
78 74 1.0
78 515 1.0
78 536 1.0
78 1898 1.0
79 1937 1.0
79 1946 1.0
79 2087 1.0
79 2128 1.0
79 1367 1.0
79 453 1.0
79 454 1.0
79 471 1.0
79 1406 1.0
79 1419 1.0
79 1877 1.0
79 874 1.0
80 2624 1.0
80 42 1.0
80 1214 1.0
80 1374 1.0
81 99 1.0
82 1974 1.0
82 2155 1.0
82 2221 1.0
83 916 1.0
83 2086 1.0
83 2095 1.0
83 417 1.0
83 1443 1.0
83 586 1.0
83 1508 1.0
84 1938 1.0
84 1939 1.0
84 1954 1.0
84 2055 1.0
84 210 1.0
84 2062 1.0
84 2077 1.0
84 2118 1.0
84 2145 1.0
84 2505 1.0
84 2506 1.0
84 2541 1.0
84 2560 1.0
84 2561 1.0
84 2627 1.0
84 961 1.0
84 969 1.0
84 970 1.0
84 243 1.0
84 1043 1.0
84 1079 1.0
84 1122 1.0
84 33 1.0
84 1362 1.0
84 475 1.0
84 1388 1.0
84 504 1.0
84 520 1.0
84 1437 1.0
84 1444 1.0
84 1470 1.0
84 83 1.0
84 586 1.0
84 1798 1.0
84 739 1.0
84 741 1.0
84 1848 1.0
84 1891 1.0
85 1951 1.0
85 2264 1.0
85 2558 1.0
85 2561 1.0
85 2588 1.0
85 952 1.0
85 33 1.0
85 1271 1.0
85 476 1.0
85 509 1.0
85 1437 1.0
85 586 1.0
85 685 1.0
85 690 1.0
85 1850 1.0
85 872 1.0
86 1919 1.0
87 1908 1.0
87 1920 1.0
87 2128 1.0
87 2177 1.0
87 2238 1.0
87 2357 1.0
87 2413 1.0
87 2416 1.0
87 977 1.0
87 27 1.0
87 4 1.0
87 1010 1.0
87 260 1.0
87 261 1.0
87 1122 1.0
87 1160 1.0
87 1185 1.0
87 420 1.0
87 421 1.0
87 1355 1.0
87 514 1.0
87 111 1.0
87 113 1.0
87 117 1.0
87 118 1.0
87 120 1.0
87 121 1.0
87 122 1.0
87 1669 1.0
87 1675 1.0
87 1859 1.0
87 1901 1.0
88 6 1.0
89 1989 1.0
89 2334 1.0
89 1030 1.0
89 1031 1.0
89 1459 1.0
89 9 1.0
89 1486 1.0
89 151 1.0
89 182 1.0
90 312 1.0
90 1471 1.0
90 94 1.0
90 1592 1.0
91 901 1.0
91 2043 1.0
91 2111 1.0
91 2652 1.0
91 222 1.0
91 228 1.0
91 1098 1.0
91 6 1.0
91 388 1.0
91 577 1.0
91 735 1.0
91 785 1.0
91 1900 1.0
91 1904 1.0
92 1921 1.0
93 170 1.0
95 1961 1.0
95 2039 1.0
95 2235 1.0
95 2273 1.0
95 1003 1.0
95 1119 1.0
96 2250 1.0
96 412 1.0
96 97 1.0
96 98 1.0
96 1514 1.0
97 2250 1.0
97 2263 1.0
97 2383 1.0
97 1327 1.0
97 412 1.0
97 1431 1.0
97 98 1.0
98 2250 1.0
98 1431 1.0
98 97 1.0
99 2250 1.0
99 97 1.0
99 98 1.0
100 927 1.0
100 1984 1.0
100 1002 1.0
100 1041 1.0
100 63 1.0
100 64 1.0
100 1409 1.0
100 1466 1.0
100 1478 1.0
100 1531 1.0
100 796 1.0
101 2618 1.0
101 1012 1.0
101 1014 1.0
101 1015 1.0
101 1049 1.0
102 2040 1.0
102 2140 1.0
102 2205 1.0
102 2245 1.0
102 2257 1.0
102 2286 1.0
102 2518 1.0
102 1045 1.0
102 1301 1.0
102 53 1.0
102 54 1.0
102 1399 1.0
102 778 1.0
102 1883 1.0
102 885 1.0
103 1980 1.0
103 2350 1.0
103 2423 1.0
104 2384 1.0
104 969 1.0
104 1247 1.0
104 15 1.0
105 1907 1.0
105 2201 1.0
105 1299 1.0
105 481 1.0
105 787 1.0
106 2080 1.0
106 15 1.0
107 1922 1.0
107 1081 1.0
107 1526 1.0
107 1594 1.0
108 1922 1.0
108 2000 1.0
108 2039 1.0
108 2075 1.0
108 2150 1.0
108 733 1.0
108 828 1.0
108 181 1.0
109 2035 1.0
109 229 1.0
109 406 1.0
109 442 1.0
109 1432 1.0
110 2506 1.0
110 2691 1.0
110 2692 1.0
110 1780 1.0
110 1787 1.0
111 2006 1.0
111 2028 1.0
111 2413 1.0
111 29 1.0
111 1185 1.0
111 112 1.0
111 113 1.0
111 121 1.0
111 122 1.0
112 1361 1.0
113 2317 1.0
114 2015 1.0
114 2090 1.0
114 2128 1.0
114 5 1.0
114 1020 1.0
114 336 1.0
114 413 1.0
114 876 1.0
115 2002 1.0
115 2154 1.0
115 2413 1.0
115 1126 1.0
115 334 1.0
115 165 1.0
117 209 1.0
117 1985 1.0
117 2254 1.0
117 2562 1.0
117 258 1.0
117 409 1.0
117 71 1.0
117 1450 1.0
118 2254 1.0
118 2637 1.0
118 427 1.0
118 667 1.0
118 801 1.0
118 1901 1.0
119 2047 1.0
119 957 1.0
119 958 1.0
119 1122 1.0
119 1152 1.0
119 1225 1.0
119 434 1.0
119 525 1.0
119 172 1.0
119 189 1.0
119 865 1.0
120 2254 1.0
121 207 1.0
121 1933 1.0
121 1986 1.0
121 2002 1.0
121 2006 1.0
121 2015 1.0
121 2028 1.0
121 2032 1.0
121 2047 1.0
121 2069 1.0
121 2090 1.0
121 2092 1.0
121 2095 1.0
121 2121 1.0
121 2123 1.0
121 2127 1.0
121 2177 1.0
121 2199 1.0
121 2203 1.0
121 2238 1.0
121 2275 1.0
121 2289 1.0
121 2344 1.0
121 2382 1.0
121 2386 1.0
121 2413 1.0
121 977 1.0
121 240 1.0
121 4 1.0
121 247 1.0
121 1020 1.0
121 29 1.0
121 262 1.0
121 1086 1.0
121 1109 1.0
121 298 1.0
121 1185 1.0
121 1194 1.0
121 334 1.0
121 336 1.0
121 1236 1.0
121 375 1.0
121 1276 1.0
121 413 1.0
121 414 1.0
121 420 1.0
121 424 1.0
121 432 1.0
121 434 1.0
121 1354 1.0
121 1361 1.0
121 1362 1.0
121 1408 1.0
121 507 1.0
121 525 1.0
121 1450 1.0
121 9 1.0
121 650 1.0
121 667 1.0
121 1640 1.0
121 111 1.0
121 113 1.0
121 114 1.0
121 117 1.0
121 120 1.0
121 122 1.0
121 123 1.0
121 126 1.0
121 127 1.0
121 1670 1.0
121 1671 1.0
121 1675 1.0
121 1782 1.0
121 165 1.0
121 1851 1.0
121 846 1.0
122 1986 1.0
122 1994 1.0
122 2059 1.0
122 2169 1.0
122 2317 1.0
122 2416 1.0
122 2619 1.0
122 977 1.0
122 262 1.0
122 1077 1.0
122 1160 1.0
122 368 1.0
122 409 1.0
122 420 1.0
122 430 1.0
122 1400 1.0
122 525 1.0
122 1450 1.0
122 113 1.0
122 117 1.0
122 118 1.0
122 123 1.0
122 127 1.0
122 1669 1.0
122 135 1.0
122 851 1.0
122 868 1.0
122 881 1.0
123 2244 1.0
123 127 1.0
124 2128 1.0
124 2177 1.0
124 2289 1.0
124 1251 1.0
124 876 1.0
124 1901 1.0
126 1020 1.0
126 114 1.0
126 127 1.0
127 427 1.0
127 1400 1.0
127 114 1.0
128 206 1.0
128 2295 1.0
128 2410 1.0
128 818 1.0
129 2158 1.0
129 2166 1.0
129 1264 1.0
129 740 1.0
130 2053 1.0
130 2227 1.0
130 2261 1.0
130 343 1.0
131 2019 1.0
131 2174 1.0
131 2601 1.0
131 2608 1.0
131 2631 1.0
131 2648 1.0
131 2658 1.0
131 1203 1.0
131 344 1.0
