131 72 1.0
131 1480 1.0
131 584 1.0
131 733 1.0
132 2313 1.0
132 1056 1.0
132 1203 1.0
132 1414 1.0
132 1516 1.0
133 2113 1.0
133 1203 1.0
134 1992 1.0
134 2103 1.0
135 2275 1.0
135 2385 1.0
135 433 1.0
136 1932 1.0
136 2386 1.0
136 301 1.0
136 433 1.0
136 650 1.0
136 135 1.0
136 1789 1.0
136 1879 1.0
137 1923 1.0
138 945 1.0
138 1142 1.0
138 1552 1.0
138 1599 1.0
139 2418 1.0
139 2646 1.0
139 1404 1.0
139 1459 1.0
139 1464 1.0
139 616 1.0
139 632 1.0
139 812 1.0
139 196 1.0
140 1992 1.0
140 2158 1.0
140 2249 1.0
140 1264 1.0
140 131 1.0
140 153 1.0
140 740 1.0
141 711 1.0
142 2093 1.0
142 1405 1.0
143 2281 1.0
143 1492 1.0
144 890 1.0
144 2183 1.0
144 1405 1.0
144 504 1.0
144 1529 1.0
144 1544 1.0
144 678 1.0
144 142 1.0
145 2012 1.0
145 1830 1.0
146 2194 1.0
146 2305 1.0
146 1101 1.0
146 1356 1.0
146 1363 1.0
146 1379 1.0
146 520 1.0
146 1439 1.0
146 1481 1.0
147 1979 1.0
147 2264 1.0
147 2350 1.0
147 1356 1.0
147 520 1.0
147 1439 1.0
147 617 1.0
147 618 1.0
148 2284 1.0
148 978 1.0
148 241 1.0
148 1476 1.0
148 149 1.0
148 795 1.0
149 2192 1.0
149 2284 1.0
149 2496 1.0
149 2592 1.0
149 2690 1.0
149 1124 1.0
149 1318 1.0
149 1476 1.0
149 1777 1.0
150 1964 1.0
150 2176 1.0
150 2449 1.0
150 2541 1.0
150 2627 1.0
150 33 1.0
150 1470 1.0
150 1476 1.0
150 84 1.0
150 1817 1.0
151 2664 1.0
151 1486 1.0
152 2707 1.0
152 1158 1.0
152 345 1.0
152 1369 1.0
152 156 1.0
152 854 1.0
153 2152 1.0
153 2216 1.0
153 1423 1.0
153 660 1.0
153 662 1.0
154 1906 1.0
154 895 1.0
154 2000 1.0
154 2165 1.0
154 2252 1.0
154 312 1.0
154 1269 1.0
154 1369 1.0
155 2187 1.0
156 1423 1.0
158 2062 1.0
158 2077 1.0
158 1043 1.0
158 1385 1.0
158 640 1.0
159 2259 1.0
160 2540 1.0
160 276 1.0
160 1225 1.0
160 51 1.0
160 646 1.0
161 2564 1.0
161 162 1.0
161 164 1.0
161 1856 1.0
162 1856 1.0
163 1856 1.0
164 162 1.0
164 1855 1.0
164 1856 1.0
165 1986 1.0
165 2025 1.0
165 2065 1.0
165 2121 1.0
165 2199 1.0
165 2209 1.0
165 1398 1.0
166 2656 1.0
166 866 1.0
168 2270 1.0
168 2641 1.0
168 1051 1.0
168 1378 1.0
168 169 1.0
168 799 1.0
169 2124 1.0
169 2467 1.0
169 2641 1.0
169 1051 1.0
169 1378 1.0
169 1456 1.0
169 168 1.0
170 2573 1.0
170 1380 1.0
171 913 1.0
171 1939 1.0
171 2273 1.0
171 1090 1.0
171 1180 1.0
171 398 1.0
171 533 1.0
173 2054 1.0
173 2076 1.0
173 2098 1.0
173 2354 1.0
173 2512 1.0
173 217 1.0
173 2644 1.0
173 2669 1.0
173 1017 1.0
173 354 1.0
173 355 1.0
173 374 1.0
173 1314 1.0
173 453 1.0
173 1419 1.0
173 613 1.0
173 614 1.0
173 615 1.0
173 647 1.0
173 1647 1.0
173 689 1.0
173 129 1.0
173 711 1.0
173 138 1.0
173 878 1.0
174 2240 1.0
174 2518 1.0
174 52 1.0
174 775 1.0
174 778 1.0
175 2706 1.0
175 1044 1.0
175 1118 1.0
175 1819 1.0
176 2511 1.0
176 2706 1.0
176 24 1.0
176 1148 1.0
176 1256 1.0
176 663 1.0
176 1819 1.0
176 175 1.0
177 2174 1.0
177 237 1.0
177 1135 1.0
177 512 1.0
177 638 1.0
178 1135 1.0
178 512 1.0
179 1924 1.0
179 523 1.0
180 912 1.0
180 1924 1.0
181 912 1.0
181 1924 1.0
182 892 1.0
182 912 1.0
182 1924 1.0
182 1974 1.0
182 2221 1.0
182 1131 1.0
182 403 1.0
182 1370 1.0
182 1408 1.0
182 9 1.0
182 1499 1.0
182 630 1.0
182 632 1.0
182 671 1.0
182 836 1.0
183 1457 1.0
184 1925 1.0
184 2664 1.0
185 1925 1.0
186 906 1.0
186 2394 1.0
186 1441 1.0
186 1653 1.0
186 1752 1.0
186 1860 1.0
186 189 1.0
187 1956 1.0
187 2299 1.0
187 2620 1.0
187 2667 1.0
187 1196 1.0
187 1250 1.0
187 1441 1.0
187 189 1.0
188 2251 1.0
188 2665 1.0
188 1441 1.0
188 1653 1.0
188 1746 1.0
188 1754 1.0
188 189 1.0
189 2394 1.0
189 2616 1.0
189 311 1.0
189 1441 1.0
189 1653 1.0
190 1937 1.0
190 2526 1.0
191 900 1.0
192 900 1.0
192 91 1.0
192 191 1.0
193 1926 1.0
193 1295 1.0
194 2424 1.0
194 1687 1.0
195 2242 1.0
195 484 1.0
196 2412 1.0
196 2633 1.0
196 1034 1.0
196 1036 1.0
196 1152 1.0
197 2652 1.0
197 444 1.0
197 137 1.0
198 2019 1.0
198 2293 1.0
198 939 1.0
198 1102 1.0
198 304 1.0
198 344 1.0
198 1220 1.0
198 1303 1.0
198 72 1.0
198 534 1.0
198 537 1.0
198 609 1.0
198 1527 1.0
198 131 1.0
198 695 1.0
198 696 1.0
198 1693 1.0
198 1822 1.0
198 824 1.0
199 202 1.0
200 198 1.0
200 2111 1.0
200 225 1.0
200 226 1.0
200 228 1.0
200 980 1.0
200 279 1.0
200 6 1.0
200 1291 1.0
200 405 1.0
200 91 1.0
200 728 1.0
200 734 1.0
200 735 1.0
200 192 1.0
201 202 1.0
201 203 1.0
201 2046 1.0
201 2087 1.0
201 2144 1.0
201 2253 1.0
201 1306 1.0
201 595 1.0
201 645 1.0
201 135 1.0
202 828 1.0
203 2253 1.0
203 59 1.0
204 1935 1.0
204 936 1.0
204 1215 1.0
204 357 1.0
204 555 1.0
204 182 1.0
205 1927 1.0
205 2034 1.0
205 2390 1.0
205 2417 1.0
205 1191 1.0
205 462 1.0
205 463 1.0
205 464 1.0
205 515 1.0
205 568 1.0
205 1802 1.0
207 2087 1.0
207 2134 1.0
207 2547 1.0
207 2644 1.0
207 1150 1.0
207 349 1.0
207 453 1.0
207 460 1.0
207 1464 1.0
207 592 1.0
207 1647 1.0
207 125 1.0
207 181 1.0
207 851 1.0
208 201 1.0
208 207 1.0
208 2703 1.0
208 313 1.0
208 333 1.0
208 1224 1.0
208 1294 1.0
208 9 1.0
208 1646 1.0
208 182 1.0
208 881 1.0
209 1928 1.0
209 371 1.0
210 539 1.0
211 2404 1.0
211 2486 1.0
211 1184 1.0
211 383 1.0
213 216 1.0
214 2331 1.0
214 212 1.0
214 2653 1.0
214 343 1.0
214 1233 1.0
214 499 1.0
214 613 1.0
214 1526 1.0
214 1594 1.0
215 2343 1.0
216 213 1.0
216 1219 1.0
216 454 1.0
216 569 1.0
216 575 1.0
217 1492 1.0
217 710 1.0
217 796 1.0
218 2322 1.0
219 227 1.0
219 1075 1.0
220 2034 1.0
220 2104 1.0
221 2228 1.0
221 88 1.0
221 1904 1.0
222 1910 1.0
222 2003 1.0
222 2193 1.0
222 2217 1.0
222 2649 1.0
222 220 1.0
222 229 1.0
222 1093 1.0
222 1098 1.0
222 1240 1.0
222 440 1.0
222 441 1.0
222 442 1.0
222 1373 1.0
222 1384 1.0
222 1471 1.0
222 90 1.0
222 94 1.0
222 710 1.0
222 859 1.0
223 391 1.0
224 2026 1.0
224 2034 1.0
224 2104 1.0
224 2482 1.0
224 2498 1.0
224 220 1.0
224 527 1.0
224 627 1.0
225 934 1.0
225 2228 1.0
225 734 1.0
226 2322 1.0
226 219 1.0
226 227 1.0
226 6 1.0
226 406 1.0
226 863 1.0
227 2228 1.0
227 231 1.0
228 2111 1.0
228 222 1.0
228 91 1.0
228 662 1.0
228 109 1.0
228 728 1.0
228 785 1.0
229 220 1.0
230 894 1.0
230 2034 1.0
230 2104 1.0
230 220 1.0
231 2228 1.0
231 1075 1.0
233 921 1.0
233 2255 1.0
233 2609 1.0
233 2668 1.0
233 1096 1.0
233 1227 1.0
233 1444 1.0
233 1452 1.0
233 1891 1.0
234 2401 1.0
234 288 1.0
234 290 1.0
234 292 1.0
234 1445 1.0
234 658 1.0
235 288 1.0
235 752 1.0
236 897 1.0
236 1944 1.0
236 2026 1.0
236 2482 1.0
236 219 1.0
236 224 1.0
236 226 1.0
236 228 1.0
236 1082 1.0
236 1099 1.0
236 288 1.0
236 340 1.0
236 341 1.0
236 406 1.0
236 91 1.0
236 109 1.0
236 137 1.0
236 728 1.0
236 734 1.0
237 2483 1.0
237 288 1.0
237 1278 1.0
238 913 1.0
238 1385 1.0
238 1396 1.0
240 1913 1.0
240 1963 1.0
240 1969 1.0
240 2036 1.0
240 2396 1.0
240 992 1.0
240 1028 1.0
240 1250 1.0
240 422 1.0
240 1461 1.0
240 651 1.0
240 653 1.0
240 656 1.0
240 1561 1.0
240 1566 1.0
240 694 1.0
240 699 1.0
240 812 1.0
240 189 1.0
241 2284 1.0
241 2592 1.0
241 2690 1.0
241 242 1.0
241 1777 1.0
241 148 1.0
241 149 1.0
241 795 1.0
242 2284 1.0
242 968 1.0
242 1318 1.0
242 84 1.0
242 1777 1.0
242 148 1.0
242 149 1.0
245 1881 1.0
246 2205 1.0
246 1107 1.0
247 298 1.0
247 1851 1.0
248 2025 1.0
248 2254 1.0
248 1851 1.0
249 1968 1.0
249 250 1.0
250 1968 1.0
250 1009 1.0
251 1968 1.0
251 1009 1.0
251 250 1.0
251 1126 1.0
251 1228 1.0
251 1411 1.0
251 1458 1.0
252 2591 1.0
252 1009 1.0
253 301 1.0
254 255 1.0
254 256 1.0
254 813 1.0
255 2170 1.0
255 966 1.0
255 813 1.0
255 1902 1.0
256 2248 1.0
257 2170 1.0
257 2248 1.0
257 966 1.0
257 256 1.0
257 1199 1.0
257 1360 1.0
257 1902 1.0
258 2028 1.0
258 2248 1.0
258 27 1.0
258 29 1.0
259 2081 1.0
259 522 1.0
259 523 1.0
260 1952 1.0
260 261 1.0
260 457 1.0
260 563 1.0
260 818 1.0
261 2238 1.0
263 262 1.0
264 2320 1.0
264 336 1.0
265 497 1.0
266 2233 1.0
266 2603 1.0
266 2606 1.0
266 2655 1.0
266 2702 1.0
266 1054 1.0
266 488 1.0
266 571 1.0
266 1747 1.0
266 879 1.0
266 882 1.0
267 1929 1.0
268 1929 1.0
268 1710 1.0
269 1930 1.0
269 1941 1.0
269 270 1.0
269 272 1.0
269 489 1.0
269 756 1.0
270 1930 1.0
270 1941 1.0
270 2226 1.0
270 272 1.0
270 489 1.0
270 756 1.0
271 1930 1.0
271 1941 1.0
271 2226 1.0
271 270 1.0
271 272 1.0
271 489 1.0
271 756 1.0
272 1930 1.0
273 1931 1.0
273 2158 1.0
273 2236 1.0
273 1273 1.0
274 1931 1.0
274 1990 1.0
274 2602 1.0
274 654 1.0
274 1601 1.0
274 680 1.0
275 1931 1.0
275 276 1.0
276 1931 1.0
276 1601 1.0
277 2093 1.0
277 1319 1.0
278 384 1.0
278 1818 1.0
279 198 1.0
279 200 1.0
279 1944 1.0
279 2035 1.0
279 2152 1.0
279 2646 1.0
279 225 1.0
279 236 1.0
279 1137 1.0
279 1216 1.0
279 1232 1.0
279 1240 1.0
279 506 1.0
279 556 1.0
279 662 1.0
279 785 1.0
279 838 1.0
279 191 1.0
279 192 1.0
280 506 1.0
281 239 1.0
282 2071 1.0
