282 2214 1.0
282 2611 1.0
282 2673 1.0
282 283 1.0
282 1138 1.0
282 1244 1.0
283 2172 1.0
283 2214 1.0
284 1100 1.0
284 1165 1.0
284 1372 1.0
284 1830 1.0
285 2325 1.0
285 1100 1.0
285 65 1.0
285 1521 1.0
285 1767 1.0
285 1827 1.0
286 1979 1.0
286 2439 1.0
286 1100 1.0
286 1162 1.0
286 1163 1.0
286 1165 1.0
286 1372 1.0
286 64 1.0
286 65 1.0
286 1521 1.0
286 1704 1.0
287 1080 1.0
287 290 1.0
287 292 1.0
287 1445 1.0
287 1473 1.0
287 628 1.0
288 961 1.0
289 1981 1.0
290 2399 1.0
291 1959 1.0
291 2159 1.0
291 2319 1.0
291 292 1.0
291 1330 1.0
292 291 1.0
293 2282 1.0
293 2399 1.0
293 237 1.0
293 292 1.0
294 914 1.0
294 1959 1.0
294 1981 1.0
294 2068 1.0
294 2239 1.0
294 2282 1.0
294 235 1.0
294 1341 1.0
295 2440 1.0
295 2450 1.0
295 2456 1.0
295 2461 1.0
295 984 1.0
295 1709 1.0
295 1710 1.0
295 1712 1.0
295 1720 1.0
295 1721 1.0
295 1739 1.0
295 1740 1.0
296 2597 1.0
296 2632 1.0
296 1710 1.0
297 2022 1.0
297 2209 1.0
297 2316 1.0
297 298 1.0
297 1155 1.0
297 477 1.0
297 864 1.0
298 2613 1.0
298 2652 1.0
298 1155 1.0
298 477 1.0
298 864 1.0
299 2161 1.0
299 1334 1.0
300 1479 1.0
301 1932 1.0
301 1965 1.0
301 2275 1.0
301 2385 1.0
301 1126 1.0
301 431 1.0
301 478 1.0
301 1789 1.0
301 1879 1.0
302 1932 1.0
303 1932 1.0
304 2236 1.0
304 2602 1.0
304 72 1.0
304 1385 1.0
304 537 1.0
304 654 1.0
305 2021 1.0
305 696 1.0
306 1283 1.0
307 1991 1.0
308 1290 1.0
309 829 1.0
310 2014 1.0
310 1468 1.0
310 829 1.0
312 1906 1.0
312 90 1.0
312 1592 1.0
313 2640 1.0
313 312 1.0
313 90 1.0
314 447 1.0
314 1524 1.0
314 1525 1.0
315 1119 1.0
315 834 1.0
316 757 1.0
317 910 1.0
317 2114 1.0
317 952 1.0
317 1130 1.0
317 316 1.0
317 478 1.0
317 1400 1.0
317 1481 1.0
317 1508 1.0
317 719 1.0
317 757 1.0
317 797 1.0
317 859 1.0
318 2043 1.0
318 319 1.0
318 828 1.0
320 2001 1.0
320 2114 1.0
320 346 1.0
321 346 1.0
321 1507 1.0
322 1954 1.0
322 346 1.0
323 2275 1.0
323 324 1.0
323 1789 1.0
323 801 1.0
325 2619 1.0
325 2628 1.0
325 324 1.0
326 1616 1.0
326 1620 1.0
326 1621 1.0
326 830 1.0
327 2035 1.0
327 2661 1.0
327 244 1.0
327 313 1.0
327 455 1.0
327 1801 1.0
328 1996 1.0
328 2138 1.0
328 2149 1.0
328 2319 1.0
328 2358 1.0
328 2474 1.0
328 2540 1.0
328 2545 1.0
328 976 1.0
328 1156 1.0
328 369 1.0
328 1275 1.0
328 1389 1.0
328 563 1.0
328 608 1.0
328 117 1.0
328 688 1.0
328 1676 1.0
328 1680 1.0
328 1760 1.0
328 1762 1.0
328 724 1.0
328 1795 1.0
328 162 1.0
328 164 1.0
328 1854 1.0
328 814 1.0
328 1873 1.0
328 1888 1.0
328 1889 1.0
328 1894 1.0
329 1009 1.0
329 1271 1.0
329 476 1.0
329 545 1.0
329 872 1.0
330 529 1.0
330 703 1.0
330 845 1.0
331 330 1.0
331 844 1.0
331 845 1.0
331 861 1.0
332 845 1.0
332 19 1.0
333 2052 1.0
333 2156 1.0
333 2178 1.0
333 2185 1.0
333 2224 1.0
333 938 1.0
333 2419 1.0
333 2420 1.0
333 2575 1.0
333 2596 1.0
333 2670 1.0
333 2671 1.0
333 2672 1.0
333 1063 1.0
333 58 1.0
333 456 1.0
333 1445 1.0
333 96 1.0
333 1547 1.0
333 1548 1.0
333 1549 1.0
333 845 1.0
334 1933 1.0
334 2206 1.0
335 1933 1.0
335 1938 1.0
335 2019 1.0
336 1933 1.0
336 2015 1.0
336 2032 1.0
336 2090 1.0
336 375 1.0
336 744 1.0
336 165 1.0
337 2013 1.0
337 2098 1.0
337 2218 1.0
337 338 1.0
337 339 1.0
337 1264 1.0
337 1435 1.0
337 129 1.0
338 339 1.0
340 2041 1.0
340 2208 1.0
340 2268 1.0
340 219 1.0
340 227 1.0
340 231 1.0
340 980 1.0
340 341 1.0
340 388 1.0
340 560 1.0
340 863 1.0
341 2041 1.0
341 2268 1.0
341 218 1.0
341 219 1.0
341 227 1.0
341 231 1.0
341 340 1.0
341 560 1.0
341 863 1.0
342 2334 1.0
342 1423 1.0
345 2335 1.0
345 2707 1.0
347 2167 1.0
347 2180 1.0
347 348 1.0
347 1351 1.0
347 1357 1.0
348 2046 1.0
348 2134 1.0
348 2167 1.0
348 1351 1.0
348 1357 1.0
348 1514 1.0
350 2173 1.0
351 1934 1.0
351 2031 1.0
351 2117 1.0
351 2348 1.0
351 1066 1.0
351 1173 1.0
351 352 1.0
351 1281 1.0
351 1491 1.0
351 1612 1.0
351 1643 1.0
352 1934 1.0
352 2031 1.0
352 2348 1.0
352 1643 1.0
353 2016 1.0
353 2349 1.0
353 1214 1.0
353 1374 1.0
353 530 1.0
353 531 1.0
353 532 1.0
353 81 1.0
354 2076 1.0
354 1063 1.0
354 613 1.0
354 614 1.0
354 615 1.0
354 138 1.0
355 204 1.0
355 919 1.0
355 920 1.0
355 1935 1.0
355 2260 1.0
355 2267 1.0
355 2294 1.0
355 238 1.0
355 258 1.0
355 34 1.0
355 356 1.0
355 357 1.0
355 68 1.0
355 511 1.0
355 1435 1.0
355 701 1.0
355 140 1.0
355 141 1.0
355 855 1.0
356 204 1.0
356 1935 1.0
356 357 1.0
357 204 1.0
357 1935 1.0
358 2083 1.0
358 544 1.0
359 362 1.0
360 362 1.0
361 2087 1.0
361 2134 1.0
361 362 1.0
363 362 1.0
364 2029 1.0
364 2249 1.0
364 430 1.0
365 366 1.0
365 765 1.0
366 2171 1.0
366 1023 1.0
366 1026 1.0
366 764 1.0
366 833 1.0
367 1975 1.0
367 2100 1.0
367 545 1.0
367 556 1.0
367 1567 1.0
368 1991 1.0
368 1122 1.0
368 307 1.0
370 1156 1.0
370 371 1.0
371 2061 1.0
371 259 1.0
371 1084 1.0
371 1234 1.0
371 370 1.0
371 1761 1.0
371 851 1.0
373 393 1.0
374 896 1.0
374 897 1.0
374 2217 1.0
374 212 1.0
374 217 1.0
374 2638 1.0
374 2644 1.0
374 1164 1.0
374 355 1.0
374 397 1.0
374 398 1.0
374 1459 1.0
374 710 1.0
374 757 1.0
374 816 1.0
375 2002 1.0
375 2032 1.0
375 167 1.0
376 2094 1.0
376 278 1.0
376 1886 1.0
377 1936 1.0
377 2005 1.0
377 2635 1.0
378 2065 1.0
379 1954 1.0
379 1971 1.0
379 1975 1.0
379 1999 1.0
379 2009 1.0
379 2290 1.0
379 2435 1.0
379 2454 1.0
379 2595 1.0
379 2685 1.0
379 981 1.0
379 1004 1.0
379 1009 1.0
379 1067 1.0
379 1068 1.0
379 329 1.0
379 1197 1.0
379 1207 1.0
379 367 1.0
379 1271 1.0
379 408 1.0
379 545 1.0
379 697 1.0
379 1698 1.0
379 709 1.0
379 1781 1.0
379 796 1.0
379 847 1.0
379 873 1.0
380 1949 1.0
380 2115 1.0
380 1004 1.0
380 493 1.0
380 546 1.0
380 141 1.0
381 2599 1.0
381 2615 1.0
381 2700 1.0
381 382 1.0
381 390 1.0
381 874 1.0
382 1339 1.0
382 1433 1.0
384 2055 1.0
384 2219 1.0
384 2561 1.0
384 2675 1.0
384 1072 1.0
384 1207 1.0
384 1785 1.0
384 15 1.0
385 1958 1.0
385 1990 1.0
385 2278 1.0
385 2323 1.0
385 44 1.0
385 1697 1.0
386 413 1.0
386 578 1.0
387 1592 1.0
388 2041 1.0
388 2072 1.0
388 2262 1.0
388 1432 1.0
389 2153 1.0
390 1150 1.0
390 382 1.0
390 501 1.0
390 874 1.0
391 1075 1.0
391 1285 1.0
392 2003 1.0
392 2208 1.0
392 1075 1.0
393 372 1.0
394 2004 1.0
394 2174 1.0
395 1961 1.0
395 670 1.0
396 2075 1.0
397 1419 1.0
397 171 1.0
399 2089 1.0
399 2375 1.0
399 2591 1.0
399 1159 1.0
400 2591 1.0
401 2008 1.0
401 2356 1.0
401 402 1.0
401 1600 1.0
401 715 1.0
402 1999 1.0
402 1854 1.0
403 2101 1.0
403 258 1.0
403 1131 1.0
403 1370 1.0
403 496 1.0
404 2008 1.0
404 2544 1.0
404 402 1.0
405 934 1.0
405 980 1.0
405 1291 1.0
406 2208 1.0
406 226 1.0
407 916 1.0
407 1947 1.0
407 2317 1.0
407 410 1.0
407 417 1.0
407 1799 1.0
407 1800 1.0
407 1801 1.0
407 774 1.0
408 916 1.0
408 943 1.0
408 313 1.0
408 367 1.0
408 410 1.0
408 417 1.0
408 1799 1.0
408 1800 1.0
408 1801 1.0
409 335 1.0
409 417 1.0
409 650 1.0
410 417 1.0
411 913 1.0
411 1938 1.0
411 2278 1.0
411 936 1.0
411 2509 1.0
411 34 1.0
411 374 1.0
412 97 1.0
412 98 1.0
413 2154 1.0
413 2344 1.0
413 1387 1.0
414 334 1.0
414 115 1.0
415 2046 1.0
415 2292 1.0
416 2177 1.0
416 2382 1.0
416 1671 1.0
417 916 1.0
417 2206 1.0
417 1799 1.0
417 1801 1.0
418 2607 1.0
418 19 1.0
419 2624 1.0
420 2025 1.0
421 2006 1.0
421 2028 1.0
421 997 1.0
421 29 1.0
421 1371 1.0
421 1434 1.0
421 1550 1.0
421 656 1.0
422 1963 1.0
422 2036 1.0
422 421 1.0
422 1371 1.0
422 656 1.0
422 699 1.0
423 922 1.0
424 2069 1.0
424 2123 1.0
424 2386 1.0
424 247 1.0
424 1276 1.0
424 414 1.0
424 1398 1.0
424 120 1.0
424 126 1.0
424 1670 1.0
424 1671 1.0
424 865 1.0
425 507 1.0
426 1993 1.0
426 2308 1.0
426 962 1.0
427 2025 1.0
428 1408 1.0
429 2351 1.0
429 409 1.0
429 125 1.0
429 126 1.0
430 2029 1.0
430 2249 1.0
430 1192 1.0
432 846 1.0
434 1122 1.0
434 368 1.0
435 2637 1.0
435 4 1.0
435 1211 1.0
435 172 1.0
435 866 1.0
436 247 1.0
436 120 1.0
437 2626 1.0
437 1086 1.0
437 1398 1.0
437 1859 1.0
438 2582 1.0
438 2656 1.0
438 1007 1.0
438 1417 1.0
438 166 1.0
438 868 1.0
439 977 1.0
439 1211 1.0
440 473 1.0
441 1910 1.0
441 442 1.0
443 222 1.0
443 1093 1.0
443 1094 1.0
445 643 1.0
445 1585 1.0
445 1642 1.0
446 910 1.0
446 1979 1.0
446 1106 1.0
446 1165 1.0
446 447 1.0
446 509 1.0
446 719 1.0
446 834 1.0
446 859 1.0
447 2303 1.0
447 2311 1.0
448 2110 1.0
448 2277 1.0
448 1005 1.0
448 1064 1.0
448 1080 1.0
448 449 1.0
448 71 1.0
448 1454 1.0
449 1007 1.0
450 1007 1.0
450 1363 1.0
450 508 1.0
450 147 1.0
451 1092 1.0
452 2246 1.0
452 71 1.0
452 1680 1.0
452 775 1.0
453 2599 1.0
453 2615 1.0
453 2700 1.0
453 1065 1.0
453 454 1.0
455 244 1.0
458 2008 1.0
459 2281 1.0
459 600 1.0
461 1983 1.0
461 1135 1.0
462 2390 1.0
462 463 1.0
462 1802 1.0
463 1802 1.0
464 205 1.0
464 1912 1.0
464 2034 1.0
464 2290 1.0
464 2297 1.0
464 2390 1.0
