464 2397 1.0
464 2551 1.0
464 2593 1.0
464 2598 1.0
464 2625 1.0
464 1191 1.0
464 1343 1.0
464 462 1.0
464 463 1.0
464 470 1.0
464 568 1.0
464 1802 1.0
464 1803 1.0
465 2167 1.0
465 939 1.0
465 276 1.0
465 338 1.0
465 1351 1.0
465 1357 1.0
465 538 1.0
466 2434 1.0
466 964 1.0
466 534 1.0
466 538 1.0
467 2424 1.0
467 2592 1.0
467 1247 1.0
467 550 1.0
467 551 1.0
467 1681 1.0
467 1682 1.0
467 1683 1.0
467 1687 1.0
467 1688 1.0
467 194 1.0
468 725 1.0
468 726 1.0
469 1413 1.0
469 843 1.0
470 2297 1.0
470 2395 1.0
470 1191 1.0
470 471 1.0
471 1191 1.0
472 2135 1.0
472 2260 1.0
472 2679 1.0
472 1204 1.0
472 468 1.0
472 1402 1.0
472 498 1.0
472 582 1.0
472 141 1.0
472 1805 1.0
473 685 1.0
473 859 1.0
474 278 1.0
474 1132 1.0
474 539 1.0
474 1694 1.0
474 1695 1.0
474 819 1.0
475 33 1.0
475 741 1.0
476 873 1.0
477 2209 1.0
479 1979 1.0
479 2264 1.0
479 2515 1.0
479 1101 1.0
479 1356 1.0
479 1363 1.0
479 1379 1.0
479 1481 1.0
480 1907 1.0
480 481 1.0
482 2074 1.0
482 244 1.0
482 1471 1.0
483 979 1.0
483 1220 1.0
483 495 1.0
484 2242 1.0
484 2282 1.0
484 791 1.0
484 792 1.0
484 794 1.0
485 2220 1.0
485 484 1.0
485 791 1.0
485 792 1.0
485 794 1.0
486 1940 1.0
486 2657 1.0
486 2695 1.0
486 487 1.0
486 1625 1.0
486 804 1.0
487 1940 1.0
487 2082 1.0
488 1940 1.0
488 2532 1.0
488 2570 1.0
488 1610 1.0
488 1625 1.0
489 1941 1.0
489 2226 1.0
490 2011 1.0
490 2091 1.0
490 2148 1.0
490 2163 1.0
490 2188 1.0
490 2279 1.0
490 2633 1.0
490 1181 1.0
490 491 1.0
490 492 1.0
490 1420 1.0
490 832 1.0
490 840 1.0
491 2279 1.0
491 832 1.0
491 840 1.0
492 2279 1.0
492 491 1.0
492 840 1.0
493 1942 1.0
493 546 1.0
494 1942 1.0
495 899 1.0
495 971 1.0
495 1219 1.0
496 363 1.0
496 457 1.0
497 1944 1.0
497 2003 1.0
497 265 1.0
498 2122 1.0
498 2620 1.0
498 2667 1.0
498 1066 1.0
498 1217 1.0
498 351 1.0
498 1275 1.0
498 1317 1.0
498 582 1.0
498 605 1.0
498 1500 1.0
498 1790 1.0
500 1123 1.0
500 501 1.0
500 674 1.0
501 2212 1.0
502 1945 1.0
502 2179 1.0
502 703 1.0
502 861 1.0
503 923 1.0
503 926 1.0
503 2049 1.0
503 2305 1.0
503 36 1.0
503 1510 1.0
503 757 1.0
504 890 1.0
504 1909 1.0
504 2089 1.0
504 2183 1.0
504 2369 1.0
504 1159 1.0
504 1451 1.0
504 677 1.0
504 678 1.0
504 1666 1.0
505 23 1.0
505 2122 1.0
505 558 1.0
505 1498 1.0
507 1019 1.0
507 350 1.0
507 425 1.0
508 2593 1.0
508 2598 1.0
508 2625 1.0
508 450 1.0
509 1967 1.0
509 2588 1.0
509 2593 1.0
509 2598 1.0
509 2625 1.0
509 1189 1.0
509 1438 1.0
509 1439 1.0
509 1440 1.0
509 1446 1.0
509 617 1.0
509 618 1.0
509 722 1.0
510 2613 1.0
510 298 1.0
510 784 1.0
511 913 1.0
511 1946 1.0
511 936 1.0
511 238 1.0
511 355 1.0
511 397 1.0
511 1385 1.0
511 1407 1.0
511 504 1.0
511 590 1.0
511 658 1.0
511 701 1.0
512 1946 1.0
512 1983 1.0
512 2174 1.0
512 1328 1.0
512 638 1.0
513 2512 1.0
513 2601 1.0
513 2608 1.0
513 2631 1.0
513 2658 1.0
513 1197 1.0
513 335 1.0
514 335 1.0
515 2351 1.0
515 971 1.0
515 1166 1.0
516 2049 1.0
516 5 1.0
516 1172 1.0
516 521 1.0
516 1596 1.0
516 1597 1.0
517 2412 1.0
517 1234 1.0
517 47 1.0
517 107 1.0
517 702 1.0
518 2222 1.0
518 1308 1.0
519 1967 1.0
520 1363 1.0
521 2049 1.0
521 2305 1.0
521 2613 1.0
521 1356 1.0
521 784 1.0
524 922 1.0
524 2376 1.0
524 2398 1.0
524 2680 1.0
524 954 1.0
524 1603 1.0
524 1604 1.0
524 1608 1.0
524 1640 1.0
524 1650 1.0
524 681 1.0
525 1947 1.0
526 2455 1.0
526 2457 1.0
526 1042 1.0
526 1085 1.0
526 1705 1.0
526 1739 1.0
527 1994 1.0
527 2551 1.0
527 94 1.0
527 627 1.0
527 710 1.0
527 801 1.0
528 1948 1.0
529 2016 1.0
529 2178 1.0
529 2596 1.0
530 1374 1.0
531 2016 1.0
531 2084 1.0
532 2349 1.0
532 531 1.0
534 2019 1.0
534 834 1.0
535 1990 1.0
535 2362 1.0
535 2363 1.0
535 2364 1.0
535 944 1.0
535 945 1.0
535 946 1.0
535 1193 1.0
535 1331 1.0
535 72 1.0
535 588 1.0
535 609 1.0
535 639 1.0
535 1600 1.0
535 1601 1.0
535 780 1.0
536 1401 1.0
536 515 1.0
536 537 1.0
536 1516 1.0
537 1998 1.0
537 2487 1.0
537 72 1.0
537 131 1.0
538 2434 1.0
538 964 1.0
538 534 1.0
539 540 1.0
539 722 1.0
539 724 1.0
540 722 1.0
540 723 1.0
541 5 1.0
542 32 1.0
543 2291 1.0
543 2696 1.0
543 2698 1.0
543 2699 1.0
543 1077 1.0
543 1112 1.0
543 1162 1.0
543 1279 1.0
543 1357 1.0
543 64 1.0
543 624 1.0
543 1518 1.0
543 1521 1.0
543 1528 1.0
543 1767 1.0
543 1825 1.0
543 1827 1.0
543 1830 1.0
545 1949 1.0
545 2115 1.0
546 1949 1.0
547 956 1.0
548 956 1.0
548 258 1.0
549 1950 1.0
549 2502 1.0
549 2601 1.0
549 2608 1.0
549 2631 1.0
549 2658 1.0
549 7 1.0
549 609 1.0
549 1781 1.0
551 550 1.0
551 1688 1.0
551 1878 1.0
552 2267 1.0
552 936 1.0
552 2487 1.0
552 1056 1.0
552 1069 1.0
552 1472 1.0
552 1769 1.0
554 1951 1.0
555 2047 1.0
555 2126 1.0
555 996 1.0
556 1887 1.0
557 21 1.0
557 2079 1.0
557 1062 1.0
557 1154 1.0
557 1173 1.0
557 1175 1.0
557 1196 1.0
557 572 1.0
557 1553 1.0
557 1632 1.0
557 681 1.0
559 2182 1.0
559 2207 1.0
559 2594 1.0
559 1397 1.0
560 1240 1.0
561 391 1.0
562 1285 1.0
562 391 1.0
562 561 1.0
562 662 1.0
562 1904 1.0
563 1952 1.0
564 1952 1.0
564 2184 1.0
565 2446 1.0
566 2553 1.0
566 1084 1.0
566 289 1.0
567 1495 1.0
567 885 1.0
568 2390 1.0
568 463 1.0
568 1802 1.0
569 2004 1.0
569 1213 1.0
569 601 1.0
570 1953 1.0
571 2342 1.0
572 2374 1.0
572 997 1.0
572 1246 1.0
572 1434 1.0
572 557 1.0
572 1553 1.0
573 1217 1.0
573 1297 1.0
573 1649 1.0
574 2453 1.0
574 398 1.0
576 2430 1.0
576 1179 1.0
576 1406 1.0
576 577 1.0
576 1900 1.0
577 1976 1.0
577 2001 1.0
577 2499 1.0
577 1179 1.0
577 1180 1.0
577 1328 1.0
577 576 1.0
577 1900 1.0
578 1986 1.0
578 970 1.0
579 1955 1.0
579 2011 1.0
579 2163 1.0
579 2188 1.0
579 492 1.0
579 832 1.0
581 1956 1.0
581 2299 1.0
582 21 1.0
582 23 1.0
582 2484 1.0
582 1062 1.0
582 1175 1.0
582 1275 1.0
582 1500 1.0
582 1790 1.0
582 1899 1.0
583 2612 1.0
583 737 1.0
585 2640 1.0
585 1592 1.0
586 397 1.0
587 1976 1.0
589 919 1.0
589 920 1.0
589 1983 1.0
589 2218 1.0
589 2243 1.0
589 2600 1.0
589 1039 1.0
589 1370 1.0
589 518 1.0
589 1435 1.0
589 593 1.0
589 629 1.0
590 658 1.0
591 2654 1.0
591 658 1.0
593 919 1.0
593 2218 1.0
593 34 1.0
593 1435 1.0
594 2098 1.0
594 2643 1.0
594 1264 1.0
594 578 1.0
594 129 1.0
595 1431 1.0
596 2302 1.0
596 597 1.0
596 598 1.0
599 2296 1.0
602 1014 1.0
602 1247 1.0
603 1014 1.0
603 602 1.0
604 1956 1.0
604 2299 1.0
605 1956 1.0
605 1640 1.0
606 1956 1.0
607 2251 1.0
607 2539 1.0
607 1447 1.0
607 1467 1.0
608 2108 1.0
608 1235 1.0
608 1680 1.0
608 164 1.0
609 77 1.0
609 715 1.0
610 611 1.0
611 610 1.0
612 74 1.0
612 1492 1.0
613 2000 1.0
613 614 1.0
613 615 1.0
614 2334 1.0
615 614 1.0
617 253 1.0
617 509 1.0
617 1438 1.0
617 618 1.0
617 1792 1.0
618 253 1.0
618 1438 1.0
618 1446 1.0
619 975 1.0
619 277 1.0
619 1347 1.0
620 685 1.0
621 1957 1.0
622 2323 1.0
622 387 1.0
623 762 1.0
624 1279 1.0
625 2536 1.0
625 2698 1.0
625 1279 1.0
625 543 1.0
625 624 1.0
626 1279 1.0
626 624 1.0
627 2026 1.0
627 224 1.0
627 236 1.0
627 620 1.0
630 2221 1.0
630 363 1.0
630 403 1.0
630 496 1.0
631 2155 1.0
631 363 1.0
631 630 1.0
631 632 1.0
632 1974 1.0
632 1131 1.0
632 1499 1.0
633 275 1.0
634 1960 1.0
634 636 1.0
635 1960 1.0
635 2106 1.0
635 634 1.0
636 1960 1.0
637 1364 1.0
637 539 1.0
637 1482 1.0
638 1961 1.0
639 2164 1.0
640 2476 1.0
640 2664 1.0
641 2191 1.0
641 654 1.0
642 922 1.0
642 2345 1.0
642 2347 1.0
642 2569 1.0
642 953 1.0
642 954 1.0
642 302 1.0
642 423 1.0
642 1581 1.0
642 1582 1.0
642 1583 1.0
642 1586 1.0
642 1607 1.0
642 1637 1.0
643 2373 1.0
643 2675 1.0
643 1052 1.0
643 1281 1.0
643 1489 1.0
643 1490 1.0
643 1586 1.0
643 1626 1.0
643 1628 1.0
643 673 1.0
643 713 1.0
644 2195 1.0
644 2374 1.0
644 1586 1.0
644 1589 1.0
644 1627 1.0
644 1634 1.0
644 673 1.0
644 692 1.0
645 105 1.0
646 1962 1.0
647 2354 1.0
648 2156 1.0
648 1215 1.0
648 1514 1.0
649 1215 1.0
650 1879 1.0
651 1963 1.0
651 2036 1.0
651 992 1.0
651 652 1.0
651 653 1.0
651 699 1.0
651 812 1.0
652 1963 1.0
652 2036 1.0
652 2396 1.0
652 992 1.0
652 1028 1.0
652 653 1.0
652 694 1.0
652 696 1.0
652 699 1.0
652 737 1.0
653 1963 1.0
653 1969 1.0
653 992 1.0
653 699 1.0
654 2191 1.0
654 2223 1.0
654 2602 1.0
654 1272 1.0
654 1414 1.0
655 421 1.0
655 1371 1.0
655 656 1.0
656 2368 1.0
656 325 1.0
656 421 1.0
656 1371 1.0
656 1461 1.0
657 2394 1.0
657 2510 1.0
657 2616 1.0
657 2680 1.0
657 431 1.0
657 1603 1.0
657 1604 1.0
657 1608 1.0
657 1640 1.0
657 1650 1.0
657 1752 1.0
658 1821 1.0
659 2705 1.0
659 1260 1.0
660 2216 1.0
660 662 1.0
661 153 1.0
662 2152 1.0
662 2216 1.0
662 660 1.0
663 245 1.0
663 1044 1.0
663 1881 1.0
664 2142 1.0
664 831 1.0
665 831 1.0
666 1065 1.0
666 831 1.0
667 1152 1.0
668 2130 1.0
668 1286 1.0
669 2340 1.0
669 2341 1.0
669 31 1.0
669 486 1.0
669 1572 1.0
669 737 1.0
670 2273 1.0
