672 899 1.0
672 980 1.0
672 1232 1.0
672 1291 1.0
672 109 1.0
673 875 1.0
674 500 1.0
675 2599 1.0
675 2615 1.0
675 2700 1.0
675 1150 1.0
675 381 1.0
675 390 1.0
675 453 1.0
675 874 1.0
676 1451 1.0
676 677 1.0
677 1451 1.0
678 1451 1.0
680 695 1.0
681 2018 1.0
681 2398 1.0
681 2665 1.0
681 431 1.0
681 1899 1.0
682 1899 1.0
683 1970 1.0
684 2010 1.0
684 1224 1.0
684 856 1.0
685 473 1.0
685 620 1.0
685 859 1.0
686 2480 1.0
686 1195 1.0
686 1293 1.0
686 1613 1.0
686 1766 1.0
688 687 1.0
689 2027 1.0
690 2033 1.0
690 554 1.0
691 1359 1.0
692 1281 1.0
693 267 1.0
693 1377 1.0
694 992 1.0
696 1506 1.0
696 811 1.0
696 875 1.0
697 1971 1.0
698 1972 1.0
698 2261 1.0
698 2302 1.0
700 2081 1.0
700 866 1.0
701 1069 1.0
701 523 1.0
701 154 1.0
701 155 1.0
702 2200 1.0
702 1034 1.0
702 1036 1.0
702 259 1.0
702 155 1.0
703 2596 1.0
703 529 1.0
703 760 1.0
703 844 1.0
703 861 1.0
704 934 1.0
704 1291 1.0
705 1973 1.0
706 1089 1.0
706 517 1.0
706 700 1.0
707 2310 1.0
707 1023 1.0
707 1511 1.0
707 764 1.0
708 2073 1.0
708 2202 1.0
708 1023 1.0
708 1026 1.0
708 1057 1.0
708 366 1.0
708 707 1.0
708 1828 1.0
708 764 1.0
708 833 1.0
709 1975 1.0
709 2685 1.0
709 367 1.0
710 1976 1.0
710 2217 1.0
710 1373 1.0
710 94 1.0
711 1976 1.0
711 2107 1.0
712 2402 1.0
712 1052 1.0
712 643 1.0
712 1626 1.0
712 713 1.0
713 2288 1.0
713 875 1.0
714 1052 1.0
714 1626 1.0
714 1628 1.0
714 713 1.0
715 184 1.0
716 1416 1.0
716 184 1.0
717 2552 1.0
717 2574 1.0
717 1554 1.0
717 1810 1.0
717 1812 1.0
718 1977 1.0
718 629 1.0
719 1923 1.0
719 1977 1.0
719 2636 1.0
720 1505 1.0
720 805 1.0
721 805 1.0
722 540 1.0
723 540 1.0
724 2196 1.0
724 2609 1.0
724 2668 1.0
724 1437 1.0
724 540 1.0
725 468 1.0
725 726 1.0
726 468 1.0
727 1978 1.0
728 2074 1.0
728 2551 1.0
728 224 1.0
728 6 1.0
728 1129 1.0
728 527 1.0
728 627 1.0
729 2328 1.0
729 2329 1.0
729 1543 1.0
730 2156 1.0
730 649 1.0
731 598 1.0
732 1980 1.0
732 2350 1.0
732 2423 1.0
732 1591 1.0
736 1254 1.0
736 1458 1.0
736 174 1.0
737 1212 1.0
737 738 1.0
738 1212 1.0
739 2506 1.0
742 1983 1.0
742 2008 1.0
744 2024 1.0
744 743 1.0
745 2024 1.0
745 2047 1.0
745 996 1.0
745 743 1.0
745 744 1.0
746 409 1.0
746 514 1.0
747 2401 1.0
747 1609 1.0
747 1621 1.0
748 1985 1.0
749 2597 1.0
749 2632 1.0
750 1271 1.0
750 872 1.0
751 2543 1.0
752 2213 1.0
753 1986 1.0
754 1880 1.0
755 2335 1.0
755 152 1.0
755 854 1.0
755 1897 1.0
756 270 1.0
756 272 1.0
757 2049 1.0
757 952 1.0
757 316 1.0
757 503 1.0
758 2536 1.0
758 2538 1.0
758 1171 1.0
758 1511 1.0
758 1518 1.0
758 1528 1.0
758 1767 1.0
758 1826 1.0
758 1828 1.0
758 1829 1.0
759 1987 1.0
759 430 1.0
760 1987 1.0
760 1995 1.0
760 2647 1.0
760 2659 1.0
760 2660 1.0
761 2106 1.0
761 635 1.0
762 623 1.0
763 2011 1.0
763 2188 1.0
763 490 1.0
763 492 1.0
763 1420 1.0
763 832 1.0
764 1023 1.0
764 366 1.0
765 1023 1.0
765 365 1.0
766 202 1.0
766 2132 1.0
766 46 1.0
767 2247 1.0
767 2435 1.0
767 2436 1.0
768 1988 1.0
769 1988 1.0
770 1988 1.0
770 768 1.0
770 769 1.0
771 2017 1.0
771 2349 1.0
771 531 1.0
771 532 1.0
771 81 1.0
772 1989 1.0
772 2000 1.0
772 354 1.0
772 1464 1.0
773 904 1.0
773 2269 1.0
773 1051 1.0
774 2069 1.0
774 1799 1.0
776 1228 1.0
777 1228 1.0
778 2119 1.0
778 2240 1.0
778 1045 1.0
778 1883 1.0
779 1990 1.0
779 2360 1.0
779 2364 1.0
779 2664 1.0
779 1599 1.0
779 1601 1.0
780 1990 1.0
780 2364 1.0
780 1601 1.0
781 2007 1.0
781 2168 1.0
782 2574 1.0
782 783 1.0
784 917 1.0
784 2406 1.0
784 2613 1.0
784 2652 1.0
784 1101 1.0
784 1356 1.0
784 521 1.0
784 1596 1.0
784 1597 1.0
785 191 1.0
786 2405 1.0
786 2490 1.0
786 1150 1.0
786 385 1.0
786 1351 1.0
786 1357 1.0
786 8 1.0
786 1657 1.0
786 15 1.0
787 62 1.0
787 1496 1.0
788 62 1.0
788 1496 1.0
789 2242 1.0
790 1565 1.0
790 1835 1.0
790 195 1.0
792 484 1.0
792 790 1.0
792 794 1.0
792 195 1.0
793 2242 1.0
793 484 1.0
793 794 1.0
794 2242 1.0
794 484 1.0
794 790 1.0
794 791 1.0
794 195 1.0
795 1776 1.0
795 1778 1.0
796 2271 1.0
796 2475 1.0
796 217 1.0
796 2654 1.0
796 469 1.0
796 1410 1.0
796 797 1.0
796 843 1.0
797 2475 1.0
798 1378 1.0
798 168 1.0
798 799 1.0
799 2270 1.0
799 1378 1.0
800 254 1.0
800 255 1.0
800 256 1.0
801 1994 1.0
801 1879 1.0
802 803 1.0
805 804 1.0
806 804 1.0
807 1995 1.0
807 60 1.0
808 891 1.0
808 1995 1.0
808 60 1.0
809 2233 1.0
809 2306 1.0
809 2336 1.0
809 2338 1.0
809 2387 1.0
809 2401 1.0
809 2603 1.0
809 2606 1.0
809 2655 1.0
809 2681 1.0
809 2702 1.0
809 1305 1.0
809 1329 1.0
809 1366 1.0
809 0 1.0
809 1509 1.0
809 1557 1.0
809 1569 1.0
809 1654 1.0
809 747 1.0
809 802 1.0
809 817 1.0
809 883 1.0
810 1238 1.0
810 359 1.0
810 360 1.0
811 1897 1.0
812 240 1.0
812 651 1.0
812 652 1.0
812 653 1.0
812 694 1.0
813 1360 1.0
814 1996 1.0
815 1996 1.0
815 2196 1.0
815 2422 1.0
815 723 1.0
816 1997 1.0
816 2004 1.0
817 1997 1.0
817 2523 1.0
817 311 1.0
817 1314 1.0
817 1460 1.0
817 1504 1.0
817 883 1.0
820 368 1.0
820 1362 1.0
820 1563 1.0
821 1362 1.0
821 1672 1.0
822 2143 1.0
822 2324 1.0
822 2380 1.0
822 2606 1.0
822 2655 1.0
822 2681 1.0
822 2702 1.0
822 1083 1.0
822 1530 1.0
822 1560 1.0
822 1569 1.0
822 1573 1.0
822 1610 1.0
822 1696 1.0
822 712 1.0
822 1790 1.0
823 2243 1.0
823 2600 1.0
824 2243 1.0
824 2600 1.0
825 137 1.0
825 772 1.0
825 173 1.0
825 182 1.0
825 881 1.0
826 2003 1.0
827 2529 1.0
827 2619 1.0
827 2628 1.0
827 325 1.0
829 2139 1.0
829 309 1.0
830 1620 1.0
831 2353 1.0
831 1348 1.0
831 1349 1.0
831 1350 1.0
831 1862 1.0
832 492 1.0
833 2073 1.0
833 2663 1.0
833 1057 1.0
833 366 1.0
835 892 1.0
835 907 1.0
836 671 1.0
837 2005 1.0
837 2635 1.0
837 1037 1.0
837 12 1.0
837 708 1.0
838 2107 1.0
838 2175 1.0
838 2499 1.0
838 2604 1.0
838 1266 1.0
838 432 1.0
838 576 1.0
838 577 1.0
838 720 1.0
838 141 1.0
838 846 1.0
838 1900 1.0
839 917 1.0
839 2406 1.0
840 2279 1.0
840 491 1.0
841 2134 1.0
841 260 1.0
841 1395 1.0
842 637 1.0
843 469 1.0
843 1413 1.0
844 330 1.0
845 2084 1.0
845 2178 1.0
845 2179 1.0
845 330 1.0
846 2123 1.0
847 2009 1.0
848 2434 1.0
848 1131 1.0
848 538 1.0
849 1285 1.0
849 1904 1.0
850 2320 1.0
852 2629 1.0
852 968 1.0
852 1061 1.0
852 1336 1.0
852 1337 1.0
853 1137 1.0
854 156 1.0
855 2097 1.0
855 2282 1.0
856 2010 1.0
857 1052 1.0
857 1612 1.0
857 1625 1.0
857 1626 1.0
857 1628 1.0
857 692 1.0
858 1920 1.0
858 2378 1.0
858 2675 1.0
858 951 1.0
858 1634 1.0
858 692 1.0
861 2084 1.0
861 2179 1.0
862 2084 1.0
863 560 1.0
866 868 1.0
867 865 1.0
869 2656 1.0
869 166 1.0
869 868 1.0
870 865 1.0
871 2029 1.0
871 430 1.0
871 1905 1.0
872 476 1.0
873 476 1.0
876 1630 1.0
877 1634 1.0
877 876 1.0
878 1219 1.0
878 78 1.0
878 536 1.0
879 889 1.0
879 2603 1.0
879 2681 1.0
879 488 1.0
879 882 1.0
880 488 1.0
880 1610 1.0
882 2603 1.0
882 1564 1.0
883 817 1.0
884 1576 1.0
884 1577 1.0
884 1579 1.0
886 1578 1.0
887 1187 1.0
887 1485 1.0
887 1805 1.0
888 2017 1.0
889 2251 1.0
889 2539 1.0
890 677 1.0
891 892 1.0
891 1644 1.0
893 894 1.0
894 2104 1.0
894 2582 1.0
894 431 1.0
895 2020 1.0
896 2020 1.0
897 896 1.0
897 2638 1.0
897 1078 1.0
897 154 1.0
898 1505 1.0
900 191 1.0
901 191 1.0
902 1060 1.0
903 902 1.0
903 1060 1.0
904 2688 1.0
904 773 1.0
905 2147 1.0
905 2222 1.0
905 2375 1.0
905 399 1.0
905 400 1.0
906 2129 1.0
906 2336 1.0
906 2346 1.0
906 2402 1.0
906 2666 1.0
906 1284 1.0
906 1490 1.0
906 643 1.0
906 1565 1.0
907 908 1.0
907 2023 1.0
908 2023 1.0
909 2023 1.0
909 1773 1.0
910 988 1.0
911 988 1.0
911 991 1.0
914 1187 1.0
914 1330 1.0
914 1346 1.0
915 1187 1.0
915 1188 1.0
916 2095 1.0
917 1914 1.0
917 2406 1.0
918 2235 1.0
919 920 1.0
919 1435 1.0
921 2030 1.0
921 2255 1.0
922 2031 1.0
922 2347 1.0
922 2666 1.0
922 2676 1.0
922 423 1.0
922 1581 1.0
922 1582 1.0
922 1583 1.0
922 1588 1.0
923 924 1.0
923 1914 1.0
923 1106 1.0
923 1375 1.0
924 923 1.0
924 1914 1.0
925 923 1.0
925 924 1.0
925 2305 1.0
925 2527 1.0
925 719 1.0
926 923 1.0
926 1106 1.0
926 1375 1.0
926 1794 1.0
927 1041 1.0
928 2603 1.0
928 1344 1.0
929 930 1.0
929 931 1.0
930 929 1.0
930 931 1.0
932 835 1.0
933 2230 1.0
934 1291 1.0
935 2156 1.0
936 2267 1.0
936 2487 1.0
936 1056 1.0
936 1069 1.0
936 1769 1.0
937 2249 1.0
939 834 1.0
940 700 1.0
941 2300 1.0
942 2037 1.0
943 244 1.0
944 946 1.0
944 1331 1.0
945 946 1.0
945 1193 1.0
945 1552 1.0
945 780 1.0
947 2038 1.0
948 2077 1.0
948 385 1.0
948 77 1.0
949 2345 1.0
949 2347 1.0
949 951 1.0
949 1284 1.0
949 1581 1.0
949 1583 1.0
950 951 1.0
950 1284 1.0
951 1284 1.0
952 1400 1.0
953 423 1.0
954 953 1.0
955 2160 1.0
955 529 1.0
955 844 1.0
955 861 1.0
957 958 1.0
957 1251 1.0
958 1251 1.0
959 961 1.0
960 961 1.0
963 2044 1.0
963 2272 1.0
965 2064 1.0
965 2170 1.0
965 1902 1.0
966 1199 1.0
966 1902 1.0
967 2136 1.0
968 1061 1.0
