968 1337 1.0
972 2587 1.0
973 2067 1.0
973 2587 1.0
974 2605 1.0
975 1050 1.0
975 277 1.0
975 619 1.0
976 2474 1.0
976 2483 1.0
976 2701 1.0
976 369 1.0
976 563 1.0
976 1485 1.0
976 1760 1.0
976 1762 1.0
977 114 1.0
977 126 1.0
977 127 1.0
978 1124 1.0
978 148 1.0
979 629 1.0
980 2041 1.0
980 388 1.0
981 2042 1.0
982 2234 1.0
982 2292 1.0
982 2315 1.0
982 2316 1.0
982 1170 1.0
984 2455 1.0
984 296 1.0
985 2045 1.0
986 2045 1.0
986 985 1.0
987 911 1.0
988 911 1.0
988 724 1.0
989 911 1.0
989 991 1.0
989 1738 1.0
990 911 1.0
990 987 1.0
991 911 1.0
991 989 1.0
991 1720 1.0
991 1738 1.0
991 1740 1.0
992 2046 1.0
992 1461 1.0
992 1561 1.0
993 2146 1.0
993 1280 1.0
995 994 1.0
996 2047 1.0
997 1434 1.0
998 2048 1.0
998 2265 1.0
998 999 1.0
999 2048 1.0
999 2265 1.0
1000 1882 1.0
1004 546 1.0
1005 1080 1.0
1005 1225 1.0
1006 1225 1.0
1007 1458 1.0
1008 1458 1.0
1009 1458 1.0
1010 580 1.0
1010 605 1.0
1010 1619 1.0
1011 1812 1.0
1012 2068 1.0
1012 1015 1.0
1012 1049 1.0
1013 914 1.0
1013 2239 1.0
1014 914 1.0
1014 2239 1.0
1014 1015 1.0
1015 2618 1.0
1016 2618 1.0
1016 1015 1.0
1017 2354 1.0
1017 2669 1.0
1017 647 1.0
1018 2051 1.0
1019 1497 1.0
1020 2121 1.0
1020 2127 1.0
1020 2199 1.0
1021 2143 1.0
1021 1114 1.0
1021 1484 1.0
1022 2103 1.0
1022 1484 1.0
1022 1503 1.0
1022 802 1.0
1023 1026 1.0
1024 2171 1.0
1024 1026 1.0
1025 365 1.0
1026 2202 1.0
1026 1057 1.0
1027 365 1.0
1028 1969 1.0
1028 1461 1.0
1028 1561 1.0
1029 2519 1.0
1029 2550 1.0
1029 972 1.0
1029 1267 1.0
1029 174 1.0
1030 151 1.0
1031 1030 1.0
1031 1486 1.0
1031 151 1.0
1032 2053 1.0
1033 368 1.0
1034 1404 1.0
1035 1034 1.0
1035 1404 1.0
1036 1034 1.0
1037 366 1.0
1037 708 1.0
1038 2054 1.0
1038 2210 1.0
1038 2642 1.0
1038 2645 1.0
1039 2054 1.0
1039 518 1.0
1039 823 1.0
1040 202 1.0
1040 2132 1.0
1040 995 1.0
1040 46 1.0
1040 766 1.0
1041 2161 1.0
1041 299 1.0
1042 2070 1.0
1042 2457 1.0
1042 2458 1.0
1042 2686 1.0
1042 1704 1.0
1042 843 1.0
1044 245 1.0
1046 2055 1.0
1047 2056 1.0
1047 2083 1.0
1048 828 1.0
1050 2068 1.0
1050 2466 1.0
1050 1013 1.0
1050 1884 1.0
1051 2269 1.0
1052 2122 1.0
1052 1501 1.0
1053 2233 1.0
1053 498 1.0
1053 1 1.0
1053 1563 1.0
1053 1652 1.0
1053 747 1.0
1053 790 1.0
1054 2233 1.0
1055 546 1.0
1056 1472 1.0
1057 2073 1.0
1057 2202 1.0
1057 1026 1.0
1058 2412 1.0
1058 1089 1.0
1058 1233 1.0
1058 57 1.0
1058 817 1.0
1059 2114 1.0
1060 902 1.0
1061 1337 1.0
1062 2477 1.0
1063 696 1.0
1064 1241 1.0
1064 71 1.0
1065 2142 1.0
1066 2117 1.0
1066 2370 1.0
1066 2376 1.0
1066 2559 1.0
1066 351 1.0
1066 1641 1.0
1067 1000 1.0
1067 1698 1.0
1068 2115 1.0
1068 2502 1.0
1068 545 1.0
1069 1056 1.0
1069 1472 1.0
1069 1769 1.0
1070 1358 1.0
1070 1763 1.0
1071 2656 1.0
1071 166 1.0
1071 868 1.0
1072 2058 1.0
1072 2503 1.0
1072 1694 1.0
1073 2059 1.0
1073 2376 1.0
1074 2060 1.0
1074 2433 1.0
1076 2285 1.0
1077 1596 1.0
1078 2165 1.0
1079 2256 1.0
1081 1916 1.0
1082 2582 1.0
1082 1081 1.0
1082 1903 1.0
1083 1595 1.0
1083 1610 1.0
1084 2061 1.0
1084 371 1.0
1085 2448 1.0
1085 1478 1.0
1085 1532 1.0
1085 1533 1.0
1085 1535 1.0
1085 1536 1.0
1085 1537 1.0
1085 1539 1.0
1085 1733 1.0
1086 2123 1.0
1087 2105 1.0
1087 2530 1.0
1087 1088 1.0
1088 2105 1.0
1088 2530 1.0
1088 1087 1.0
1090 2273 1.0
1090 2429 1.0
1090 2431 1.0
1090 2432 1.0
1090 2522 1.0
1090 1003 1.0
1091 1448 1.0
1091 179 1.0
1093 1094 1.0
1094 1093 1.0
1094 1098 1.0
1095 2065 1.0
1096 2609 1.0
1096 2668 1.0
1096 1437 1.0
1096 1443 1.0
1097 2204 1.0
1098 1240 1.0
1099 137 1.0
1101 1481 1.0
1102 198 1.0
1103 2333 1.0
1104 2617 1.0
1104 1105 1.0
1104 1277 1.0
1105 2617 1.0
1105 1277 1.0
1106 1375 1.0
1106 1792 1.0
1108 2359 1.0
1108 779 1.0
1109 2678 1.0
1110 2066 1.0
1110 1111 1.0
1110 1837 1.0
1111 2066 1.0
1111 2546 1.0
1111 1110 1.0
1111 1840 1.0
1112 964 1.0
1112 538 1.0
1112 1508 1.0
1112 1524 1.0
1112 1525 1.0
1113 2067 1.0
1114 1484 1.0
1115 2235 1.0
1116 2071 1.0
1116 2214 1.0
1117 2072 1.0
1117 2262 1.0
1117 388 1.0
1120 2281 1.0
1121 827 1.0
1124 2496 1.0
1124 2690 1.0
1125 2496 1.0
1125 2690 1.0
1127 1774 1.0
1129 2074 1.0
1129 2552 1.0
1129 2577 1.0
1129 1868 1.0
1130 952 1.0
1132 1367 1.0
1132 1695 1.0
1133 1132 1.0
1133 1695 1.0
1134 2251 1.0
1134 2524 1.0
1134 1790 1.0
1135 638 1.0
1136 914 1.0
1136 2239 1.0
1136 1808 1.0
1136 1846 1.0
1138 937 1.0
1138 2673 1.0
1138 1244 1.0
1139 98 1.0
1140 2079 1.0
1141 2079 1.0
1141 1595 1.0
1142 1906 1.0
1142 945 1.0
1142 1193 1.0
1142 1552 1.0
1142 780 1.0
1143 2082 1.0
1143 738 1.0
1144 2082 1.0
1145 2083 1.0
1145 2318 1.0
1145 1047 1.0
1146 2269 1.0
1146 2623 1.0
1146 1051 1.0
1146 1468 1.0
1147 1051 1.0
1148 2486 1.0
1149 2085 1.0
1150 1151 1.0
1151 2241 1.0
1151 1433 1.0
1153 1196 1.0
1154 2478 1.0
1154 1196 1.0
1154 1765 1.0
1155 864 1.0
1156 1128 1.0
1156 1389 1.0
1157 2088 1.0
1158 2200 1.0
1158 2334 1.0
1158 1423 1.0
1159 2089 1.0
1160 1669 1.0
1161 2634 1.0
1161 1172 1.0
1161 1376 1.0
1161 516 1.0
1161 839 1.0
1162 2698 1.0
1162 1163 1.0
1162 1518 1.0
1162 1828 1.0
1163 2538 1.0
1164 2291 1.0
1166 2406 1.0
1166 2527 1.0
1167 1792 1.0
1168 1528 1.0
1168 1826 1.0
1168 1828 1.0
1169 1077 1.0
1170 2393 1.0
1171 2537 1.0
1171 1829 1.0
1172 2393 1.0
1172 2406 1.0
1172 1792 1.0
1172 1794 1.0
1174 2150 1.0
1174 1173 1.0
1174 1199 1.0
1175 1062 1.0
1175 1154 1.0
1177 1176 1.0
1177 1818 1.0
1180 1328 1.0
1181 2091 1.0
1181 2148 1.0
1182 2404 1.0
1182 2486 1.0
1182 1184 1.0
1182 1656 1.0
1183 2404 1.0
1183 2486 1.0
1183 1182 1.0
1183 1184 1.0
1183 1656 1.0
1184 2404 1.0
1185 2092 1.0
1185 112 1.0
1186 2093 1.0
1187 2093 1.0
1187 1188 1.0
1188 2093 1.0
1189 2319 1.0
1189 1440 1.0
1190 2361 1.0
1190 2395 1.0
1190 2704 1.0
1190 983 1.0
1190 1229 1.0
1190 470 1.0
1190 1546 1.0
1191 2297 1.0
1191 2395 1.0
1191 1229 1.0
1191 471 1.0
1192 1289 1.0
1193 1552 1.0
1194 2095 1.0
1195 2369 1.0
1195 326 1.0
1195 1427 1.0
1195 1616 1.0
1195 1790 1.0
1196 2299 1.0
1197 2553 1.0
1197 8 1.0
1199 1173 1.0
1200 2126 1.0
1200 2412 1.0
1200 2624 1.0
1200 57 1.0
1200 13 1.0
1201 2660 1.0
1201 760 1.0
1202 584 1.0
1204 1717 1.0
1205 2167 1.0
1205 1482 1.0
1206 1482 1.0
1207 2194 1.0
1207 2282 1.0
1207 2691 1.0
1207 2692 1.0
1207 1064 1.0
1207 1278 1.0
1207 547 1.0
1207 1715 1.0
1207 1782 1.0
1208 2181 1.0
1209 2518 1.0
1209 1578 1.0
1209 886 1.0
1210 2118 1.0
1210 2414 1.0
1210 2415 1.0
1210 1672 1.0
1210 1673 1.0
1210 1674 1.0
1210 1865 1.0
1210 1896 1.0
1212 738 1.0
1213 601 1.0
1215 2156 1.0
1215 649 1.0
1216 2100 1.0
1217 2195 1.0
1217 2337 1.0
1217 2400 1.0
1217 1200 1.0
1217 1329 1.0
1217 0 1.0
1217 524 1.0
1217 1553 1.0
1217 1562 1.0
1217 1642 1.0
1217 673 1.0
1217 802 1.0
1217 13 1.0
1218 2398 1.0
1218 1217 1.0
1218 1329 1.0
1218 0 1.0
1218 1619 1.0
1218 1649 1.0
1222 2102 1.0
1223 2102 1.0
1226 2279 1.0
1226 491 1.0
1227 1198 1.0
1229 471 1.0
1230 2197 1.0
1230 1391 1.0
1231 2197 1.0
1231 1391 1.0
1231 1821 1.0
1232 2107 1.0
1233 1089 1.0
1235 2108 1.0
1236 2614 1.0
1236 1020 1.0
1238 360 1.0
1239 2109 1.0
1240 231 1.0
1240 1098 1.0
1241 2110 1.0
1241 2333 1.0
1241 1290 1.0
1241 1551 1.0
1242 2179 1.0
1243 2342 1.0
1244 2673 1.0
1245 2116 1.0
1245 2274 1.0
1246 2150 1.0
1246 2367 1.0
1246 2374 1.0
1246 1617 1.0
1246 876 1.0
1247 2168 1.0
1248 1249 1.0
1251 958 1.0
1252 2425 1.0
1252 2507 1.0
1252 2517 1.0
1252 2528 1.0
1252 2584 1.0
1252 1209 1.0
1252 1253 1.0
1252 1265 1.0
1252 50 1.0
1252 1577 1.0
1252 1578 1.0
1252 1813 1.0
1252 1814 1.0
1252 1815 1.0
1252 1816 1.0
1252 1843 1.0
1252 1870 1.0
1252 886 1.0
1253 2481 1.0
1253 2507 1.0
1253 2554 1.0
1253 1843 1.0
1254 2650 1.0
1254 2678 1.0
1254 1064 1.0
1255 2306 1.0
1255 2336 1.0
1256 383 1.0
1257 2511 1.0
1257 1256 1.0
1257 383 1.0
1258 2120 1.0
1259 232 1.0
1259 1678 1.0
1261 1260 1.0
1261 1262 1.0
1261 1809 1.0
1262 2705 1.0
1262 1260 1.0
1262 1261 1.0
1262 659 1.0
1262 1809 1.0
1263 2705 1.0
1263 1260 1.0
1263 1261 1.0
1263 1262 1.0
1263 659 1.0
1267 2240 1.0
1267 52 1.0
1268 52 1.0
1269 2334 1.0
1270 2301 1.0
1271 872 1.0
1272 1414 1.0
1274 2503 1.0
1274 2505 1.0
1274 2561 1.0
1274 2691 1.0
1274 2692 1.0
1274 1470 1.0
1274 1485 1.0
1274 1785 1.0
1274 1787 1.0
1274 739 1.0
1275 2122 1.0
1275 582 1.0
1275 1500 1.0
1275 1766 1.0
1276 2123 1.0
1277 2617 1.0
1277 1105 1.0
1278 2125 1.0
1281 1490 1.0
1282 2276 1.0
1284 2129 1.0
1284 951 1.0
1286 2130 1.0
1286 668 1.0
1287 2131 1.0
1287 2266 1.0
1287 1603 1.0
1287 1634 1.0
1288 2131 1.0
1289 1789 1.0
1290 2333 1.0
1290 1551 1.0
1291 934 1.0
1292 2133 1.0
1293 1920 1.0
1293 1195 1.0
1294 1646 1.0
1296 367 1.0
1297 2399 1.0
1298 922 1.0
1298 1480 1.0
1299 481 1.0
1300 2550 1.0
1300 2587 1.0
1300 972 1.0
1301 2140 1.0
1302 1123 1.0
1304 2143 1.0
1305 2143 1.0
1305 2433 1.0
1306 2144 1.0
1307 2145 1.0
1308 2147 1.0
1309 931 1.0
1309 2191 1.0
1310 2149 1.0
1311 2149 1.0
1312 2149 1.0
1312 2578 1.0
1312 823 1.0
1313 2433 1.0
1313 1074 1.0
1314 2150 1.0
1315 2151 1.0
1315 2211 1.0
1315 1316 1.0
1316 2151 1.0
1317 2620 1.0
1317 2667 1.0
1318 2192 1.0
1318 1777 1.0
1318 149 1.0
1319 2649 1.0
1320 972 1.0
1320 1346 1.0
1320 1392 1.0
1321 827 1.0
1322 772 1.0
1323 2650 1.0
1323 736 1.0
1325 1208 1.0
1325 697 1.0
1326 2157 1.0
1326 2633 1.0
1328 1180 1.0
1329 1217 1.0
1330 2159 1.0
1332 1666 1.0
1332 1870 1.0
1333 1666 1.0
1334 2161 1.0
1335 2162 1.0
1336 2629 1.0
1336 2630 1.0
1336 968 1.0
1336 1402 1.0
1337 968 1.0
1337 1891 1.0
1338 2163 1.0
1340 1339 1.0
