1342 2479 1.0
1342 1140 1.0
1344 2292 1.0
1344 2426 1.0
1344 2427 1.0
1344 1460 1.0
1344 1502 1.0
1344 1689 1.0
1344 1690 1.0
1344 1691 1.0
1344 1692 1.0
1344 1754 1.0
1345 2285 1.0
1346 1808 1.0
1347 1808 1.0
1348 1349 1.0
1348 1862 1.0
1349 2353 1.0
1349 2662 1.0
1349 1862 1.0
1350 2353 1.0
1350 2662 1.0
1350 1349 1.0
1350 1862 1.0
1351 2167 1.0
1351 348 1.0
1352 602 1.0
1353 1587 1.0
1354 1355 1.0
1356 2305 1.0
1357 348 1.0
1358 1763 1.0
1364 2521 1.0
1364 450 1.0
1364 1446 1.0
1364 147 1.0
1365 2622 1.0
1366 2447 1.0
1366 1393 1.0
1366 542 1.0
1366 1711 1.0
1367 1339 1.0
1367 1818 1.0
1368 2469 1.0
1368 1324 1.0
1374 530 1.0
1375 1106 1.0
1378 2270 1.0
1380 2573 1.0
1380 2581 1.0
1381 2634 1.0
1382 2187 1.0
1383 2189 1.0
1384 2190 1.0
1386 2280 1.0
1389 1156 1.0
1389 370 1.0
1390 1495 1.0
1390 885 1.0
1391 2197 1.0
1392 2198 1.0
1392 1346 1.0
1393 1711 1.0
1394 929 1.0
1396 1886 1.0
1396 1891 1.0
1397 763 1.0
1398 2203 1.0
1398 1789 1.0
1399 53 1.0
1401 1515 1.0
1402 2629 1.0
1402 1336 1.0
1403 1183 1.0
1405 1188 1.0
1409 2215 1.0
1410 1413 1.0
1410 796 1.0
1411 1413 1.0
1412 1413 1.0
1412 796 1.0
1415 2218 1.0
1417 166 1.0
1418 2225 1.0
1418 1842 1.0
1419 454 1.0
1420 2633 1.0
1421 1453 1.0
1422 2583 1.0
1422 1697 1.0
1422 1886 1.0
1424 2229 1.0
1425 2230 1.0
1426 2231 1.0
1427 2395 1.0
1428 730 1.0
1429 679 1.0
1430 2237 1.0
1431 1327 1.0
1433 2241 1.0
1434 997 1.0
1435 919 1.0
1435 920 1.0
1436 2484 1.0
1442 2421 1.0
1444 1443 1.0
1444 1797 1.0
1445 2542 1.0
1445 2679 1.0
1447 2251 1.0
1447 2539 1.0
1448 2252 1.0
1450 2254 1.0
1451 676 1.0
1452 2255 1.0
1452 724 1.0
1453 1421 1.0
1454 1005 1.0
1455 2694 1.0
1456 2641 1.0
1460 1298 1.0
1462 2268 1.0
1463 993 1.0
1465 1425 1.0
1467 2539 1.0
1467 607 1.0
1468 603 1.0
1469 1909 1.0
1469 2483 1.0
1469 2578 1.0
1469 686 1.0
1473 993 1.0
1474 1982 1.0
1475 2501 1.0
1475 1779 1.0
1476 1778 1.0
1478 1736 1.0
1479 2686 1.0
1479 149 1.0
1481 1379 1.0
1483 1363 1.0
1484 1114 1.0
1486 2283 1.0
1487 2287 1.0
1488 2288 1.0
1489 2288 1.0
1490 2288 1.0
1491 2288 1.0
1491 1616 1.0
1493 719 1.0
1494 2371 1.0
1494 951 1.0
1498 2370 1.0
1498 1641 1.0
1501 2470 1.0
1501 2657 1.0
1501 2689 1.0
1502 2470 1.0
1502 2657 1.0
1502 2689 1.0
1502 1575 1.0
1502 1746 1.0
1502 1747 1.0
1502 1750 1.0
1502 1753 1.0
1502 1754 1.0
1503 2657 1.0
1503 487 1.0
1503 1748 1.0
1506 2302 1.0
1509 2307 1.0
1509 1556 1.0
1509 1569 1.0
1509 1861 1.0
1510 2309 1.0
1511 2310 1.0
1512 2312 1.0
1513 2313 1.0
1513 1514 1.0
1513 1515 1.0
1514 1517 1.0
1515 2313 1.0
1516 2313 1.0
1517 2314 1.0
1518 1511 1.0
1519 2514 1.0
1519 1793 1.0
1520 2319 1.0
1520 2587 1.0
1521 1830 1.0
1522 2696 1.0
1522 1521 1.0
1522 1767 1.0
1522 1827 1.0
1523 2321 1.0
1524 1525 1.0
1525 1524 1.0
1526 1594 1.0
1528 1767 1.0
1528 1827 1.0
1529 1544 1.0
1529 843 1.0
1531 1704 1.0
1532 1085 1.0
1533 1534 1.0
1533 1745 1.0
1534 1533 1.0
1535 2448 1.0
1536 1533 1.0
1536 1534 1.0
1537 1536 1.0
1538 1536 1.0
1538 1537 1.0
1539 1085 1.0
1539 1532 1.0
1540 2326 1.0
1540 1533 1.0
1540 1543 1.0
1541 2327 1.0
1541 1540 1.0
1541 1543 1.0
1542 2328 1.0
1542 2458 1.0
1542 1543 1.0
1543 2329 1.0
1544 1529 1.0
1545 2330 1.0
1545 684 1.0
1546 2395 1.0
1546 470 1.0
1548 58 1.0
1548 1549 1.0
1549 58 1.0
1550 2332 1.0
1551 2333 1.0
1553 2400 1.0
1553 2665 1.0
1554 1810 1.0
1555 2397 1.0
1555 2552 1.0
1555 2579 1.0
1555 1129 1.0
1555 1868 1.0
1556 1509 1.0
1556 1569 1.0
1556 1861 1.0
1558 1639 1.0
1559 1571 1.0
1559 1865 1.0
1562 954 1.0
1562 1589 1.0
1562 1622 1.0
1562 1638 1.0
1562 1651 1.0
1562 1652 1.0
1562 712 1.0
1562 858 1.0
1563 2488 1.0
1563 2578 1.0
1565 2402 1.0
1566 2370 1.0
1566 1641 1.0
1567 2681 1.0
1567 1638 1.0
1568 2400 1.0
1568 1341 1.0
1568 1553 1.0
1569 2338 1.0
1570 1571 1.0
1571 2339 1.0
1572 2341 1.0
1572 669 1.0
1574 2492 1.0
1575 2342 1.0
1576 1579 1.0
1577 1579 1.0
1578 2507 1.0
1578 1265 1.0
1578 1815 1.0
1578 1816 1.0
1578 884 1.0
1579 1577 1.0
1580 1576 1.0
1580 1577 1.0
1582 2345 1.0
1582 2347 1.0
1582 2676 1.0
1582 2677 1.0
1582 1581 1.0
1582 1583 1.0
1584 2345 1.0
1584 2666 1.0
1584 1583 1.0
1585 2365 1.0
1585 2372 1.0
1587 1581 1.0
1587 1617 1.0
1587 1623 1.0
1587 1624 1.0
1588 1582 1.0
1589 2365 1.0
1589 2372 1.0
1589 1287 1.0
1589 1627 1.0
1589 1634 1.0
1590 2346 1.0
1591 2350 1.0
1591 2423 1.0
1592 2352 1.0
1593 2352 1.0
1594 1526 1.0
1596 1597 1.0
1598 2360 1.0
1598 1599 1.0
1599 2360 1.0
1600 2364 1.0
1601 2364 1.0
1602 1603 1.0
1602 1604 1.0
1603 1604 1.0
1604 1603 1.0
1605 2365 1.0
1605 2372 1.0
1605 1612 1.0
1606 2365 1.0
1606 2372 1.0
1607 2367 1.0
1608 2371 1.0
1610 1618 1.0
1611 2377 1.0
1611 1627 1.0
1611 1628 1.0
1613 1617 1.0
1614 1638 1.0
1615 1616 1.0
1617 2569 1.0
1617 1616 1.0
1620 830 1.0
1621 830 1.0
1622 2373 1.0
1623 1624 1.0
1624 1623 1.0
1628 2377 1.0
1628 2674 1.0
1629 2674 1.0
1629 1628 1.0
1631 2377 1.0
1632 2400 1.0
1632 1766 1.0
1633 2379 1.0
1635 2381 1.0
1636 2676 1.0
1636 2677 1.0
1645 2387 1.0
1645 2388 1.0
1645 2389 1.0
1648 2392 1.0
1649 2398 1.0
1651 1652 1.0
1651 747 1.0
1652 747 1.0
1654 2401 1.0
1654 2482 1.0
1655 2683 1.0
1656 2486 1.0
1656 1182 1.0
1657 2405 1.0
1658 1809 1.0
1659 2407 1.0
1660 2408 1.0
1661 2409 1.0
1662 2411 1.0
1662 2684 1.0
1662 1663 1.0
1662 1664 1.0
1663 2411 1.0
1663 1664 1.0
1664 2684 1.0
1665 1045 1.0
1665 1883 1.0
1666 1883 1.0
1667 1668 1.0
1669 2416 1.0
1669 1160 1.0
1670 1671 1.0
1672 1673 1.0
1672 1896 1.0
1675 2413 1.0
1676 1673 1.0
1677 2421 1.0
1678 2422 1.0
1679 1446 1.0
1679 1680 1.0
1681 1878 1.0
1682 550 1.0
1684 1685 1.0
1685 1684 1.0
1686 2424 1.0
1686 467 1.0
1686 551 1.0
1686 1681 1.0
1686 1682 1.0
1687 551 1.0
1687 1688 1.0
1687 1878 1.0
1688 2428 1.0
1689 1692 1.0
1690 1692 1.0
1691 2426 1.0
1696 1305 1.0
1697 2435 1.0
1697 2436 1.0
1698 2436 1.0
1698 1783 1.0
1698 1784 1.0
1699 2437 1.0
1700 2438 1.0
1700 2452 1.0
1700 295 1.0
1701 1733 1.0
1702 2440 1.0
1702 2450 1.0
1702 1720 1.0
1702 1721 1.0
1702 1725 1.0
1702 1740 1.0
1703 2441 1.0
1703 1727 1.0
1705 1702 1.0
1706 2442 1.0
1706 2450 1.0
1706 2459 1.0
1706 2461 1.0
1706 2465 1.0
1706 1703 1.0
1706 1713 1.0
1706 1714 1.0
1706 1732 1.0
1706 1737 1.0
1706 1740 1.0
1706 1742 1.0
1706 1743 1.0
1707 2443 1.0
1707 1708 1.0
1708 2443 1.0
1709 2444 1.0
1710 2445 1.0
1711 2447 1.0
1712 2450 1.0
1712 2451 1.0
1712 2460 1.0
1712 2461 1.0
1712 2464 1.0
1712 2465 1.0
1712 991 1.0
1712 295 1.0
1712 1706 1.0
1712 1713 1.0
1712 1714 1.0
1712 1720 1.0
1712 1726 1.0
1712 1729 1.0
1712 1738 1.0
1712 1740 1.0
1713 2461 1.0
1713 2464 1.0
1713 991 1.0
1713 295 1.0
1713 1712 1.0
1713 1720 1.0
1714 1712 1.0
1716 2686 1.0
1716 1715 1.0
1717 1719 1.0
1718 1717 1.0
1720 2450 1.0
1722 1731 1.0
1723 1731 1.0
1724 2451 1.0
1724 1729 1.0
1725 2452 1.0
1725 1721 1.0
1726 2452 1.0
1726 2462 1.0
1726 1727 1.0
1726 1728 1.0
1728 2462 1.0
1728 1727 1.0
1729 2459 1.0
1729 2460 1.0
1729 2464 1.0
1729 1714 1.0
1729 1738 1.0
1730 2456 1.0
1730 1731 1.0
1731 2687 1.0
1732 2459 1.0
1732 1742 1.0
1732 1743 1.0
1733 2457 1.0
1734 2457 1.0
1734 1733 1.0
1735 1731 1.0
1736 1738 1.0
1737 2459 1.0
1737 1728 1.0
1738 991 1.0
1740 150 1.0
1741 150 1.0
1742 1743 1.0
1743 1742 1.0
1744 2463 1.0
1746 2470 1.0
1746 2689 1.0
1746 1750 1.0
1749 2468 1.0
1749 2469 1.0
1749 2510 1.0
1749 1750 1.0
1750 2468 1.0
1750 1753 1.0
1751 2689 1.0
1754 1575 1.0
1755 2473 1.0
1755 1756 1.0
1756 2472 1.0
1756 2473 1.0
1756 1755 1.0
1756 1757 1.0
1757 2472 1.0
1757 1755 1.0
1758 1550 1.0
1759 2471 1.0
1760 2474 1.0
1761 2474 1.0
1761 976 1.0
1762 2474 1.0
1764 2477 1.0
1764 2480 1.0
1765 2478 1.0
1767 2537 1.0
1767 1171 1.0
1768 2531 1.0
1769 2487 1.0
1770 2489 1.0
1770 1771 1.0
1771 2489 1.0
1771 1770 1.0
1772 2493 1.0
1773 2494 1.0
1774 909 1.0
1775 2495 1.0
1777 2284 1.0
1778 1476 1.0
1779 2500 1.0
1780 2502 1.0
1780 2504 1.0
1780 2506 1.0
1780 2691 1.0
1780 2692 1.0
1781 2504 1.0
1782 110 1.0
1783 2504 1.0
1783 2691 1.0
1783 2692 1.0
1783 110 1.0
1783 1784 1.0
1784 2504 1.0
1784 2506 1.0
1784 110 1.0
1784 1783 1.0
1785 2508 1.0
1786 2508 1.0
1786 1785 1.0
1787 2508 1.0
1788 2513 1.0
1791 2513 1.0
1791 1788 1.0
1792 1794 1.0
1793 1794 1.0
1794 1792 1.0
1796 1795 1.0
1797 1443 1.0
1798 1444 1.0
1798 1797 1.0
1804 1330 1.0
1806 2520 1.0
1807 2521 1.0
1808 1346 1.0
1810 1554 1.0
1810 1812 1.0
1814 2528 1.0
1815 1265 1.0
1815 50 1.0
1815 1813 1.0
1815 1816 1.0
1819 2533 1.0
1820 2534 1.0
1823 2535 1.0
1824 1171 1.0
1825 2698 1.0
1825 2699 1.0
1825 1163 1.0
1825 1826 1.0
1825 1828 1.0
1826 1528 1.0
1826 1829 1.0
1827 2697 1.0
1827 2698 1.0
1827 1162 1.0
1827 1528 1.0
1827 1824 1.0
1831 2701 1.0
1832 2543 1.0
1832 1888 1.0
1833 2540 1.0
1834 2542 1.0
1835 1836 1.0
1838 2549 1.0
1838 1111 1.0
1839 1418 1.0
1839 1842 1.0
1840 1895 1.0
1841 2553 1.0
1841 2587 1.0
1841 2589 1.0
1842 1418 1.0
1843 2554 1.0
1844 2555 1.0
1845 2567 1.0
1845 2568 1.0
1845 1846 1.0
1845 1847 1.0
1845 1848 1.0
1845 1857 1.0
1846 1845 1.0
1846 1847 1.0
1846 1857 1.0
1847 1845 1.0
1847 1857 1.0
1848 1845 1.0
1849 2556 1.0
1850 2560 1.0
1852 2557 1.0
1852 2564 1.0
1852 2565 1.0
1853 2564 1.0
1853 2565 1.0
1854 2564 1.0
1854 2565 1.0
1854 2566 1.0
1855 2564 1.0
1855 2565 1.0
1855 2566 1.0
1855 1853 1.0
1857 2567 1.0
1858 2571 1.0
1861 1557 1.0
1863 2576 1.0
1864 1210 1.0
1865 1210 1.0
1866 1867 1.0
1869 2580 1.0
1870 2585 1.0
1871 328 1.0
1871 1873 1.0
1871 1876 1.0
1872 328 1.0
1872 1871 1.0
1872 1873 1.0
1872 1876 1.0
1873 328 1.0
1873 1876 1.0
1874 2586 1.0
1876 1874 1.0
1897 2707 1.0
