0 21
0 905
0 906
0 1909
0 1940
0 1943
0 2059
0 2117
0 2122
0 2131
0 2143
0 2195
0 2229
0 2233
0 2248
0 2292
0 2301
0 2324
0 2336
0 2340
0 2342
0 2346
0 2353
0 2366
0 2368
0 2374
0 2378
0 2380
0 2396
0 2401
0 2402
0 2426
0 2427
0 2433
0 2469
0 2479
0 2492
0 2524
0 2525
0 2570
0 2572
0 2606
0 2610
0 2639
0 2655
0 2657
0 2666
0 2681
0 2695
0 2702
0 950
0 240
0 997
0 1010
0 1028
0 1053
0 1054
0 1073
0 281
0 31
0 1135
0 1144
0 311
0 1173
0 1175
0 42
0 1196
0 1199
0 1200
0 1212
0 1217
0 1250
0 1255
0 1287
0 1290
0 1298
0 1304
0 1305
0 1314
0 1317
0 1321
0 1329
0 399
0 422
0 1341
0 1344
0 445
0 1348
0 1349
0 1350
0 1366
0 1393
0 487
0 488
0 498
0 524
0 1434
0 1460
0 557
0 1469
0 571
0 580
0 583
0 584
0 1498
0 605
0 1502
0 1503
0 1509
0 642
0 643
0 653
0 1530
0 1553
0 1556
0 1557
0 1558
0 1559
0 1560
0 1562
0 1563
0 1564
0 1570
0 1571
0 1574
0 1586
0 1589
0 1602
0 1610
0 1612
0 1617
0 1619
0 1625
0 1632
0 1637
0 1638
0 1639
0 1654
0 1689
0 1690
0 1691
0 1692
0 1696
0 1746
0 1748
0 1752
0 1754
0 712
0 713
0 720
0 737
0 738
0 1811
0 1835
0 790
0 1861
0 1862
0 803
0 806
0 817
0 822
0 827
0 186
0 13
0 880
0 883
1 2057
1 2149
1 950
2 1933
2 1973
2 1993
2 1994
2 2002
2 2032
2 2090
2 2137
2 2203
2 2209
2 2212
2 2244
2 2317
2 977
2 4
2 5
2 1033
2 1178
2 1185
2 368
2 414
2 421
2 424
2 427
2 432
2 434
2 1398
2 525
2 541
2 9
2 650
2 667
2 113
2 116
2 118
2 126
2 705
2 167
2 1851
2 172
2 846
2 1901
3 2065
3 1077
3 301
3 1169
3 1211
3 413
3 420
3 427
3 432
3 477
3 478
3 1398
3 525
3 541
3 116
3 122
3 774
4 2137
4 334
4 541
4 846
5 262
5 1400
5 541
7 2206
7 514
8 2544
8 1237
8 598
9 1322
10 666
11 1915
11 2112
11 12
11 837
12 1915
12 2005
12 837
13 207
13 1965
13 2095
13 2117
13 2127
13 940
13 240
13 1020
13 1109
13 1127
13 301
13 326
13 350
13 1321
13 431
13 1361
13 1362
13 1391
13 502
13 524
13 1640
13 111
13 121
13 123
13 706
13 830
13 1901
14 1942
14 1971
14 2145
14 2561
14 2583
14 494
14 15
15 1952
15 1971
15 1978
15 2055
15 2080
15 2136
15 2181
15 2219
15 2257
15 2276
15 2319
15 2384
15 2545
15 2583
15 2595
15 238
15 243
15 1004
15 246
15 1107
15 1247
15 1278
15 420
15 457
15 1395
15 1396
15 494
15 508
15 563
15 1477
15 602
15 104
15 1567
15 668
15 106
15 1695
15 727
15 1785
15 1795
15 1851
15 860
16 2016
16 2099
16 1001
16 42
16 1214
16 57
16 80
16 531
17 332
17 418
17 80
18 1001
18 332
18 418
18 80
18 17
19 2624
19 80
19 844
20 22
20 1920
20 1970
20 2403
20 2682
21 22
21 2018
22 2682
23 22
23 2018
23 2079
24 2706
24 1457
24 183
25 902
25 1916
25 1993
25 1060
26 1916
26 1944
26 560
26 658
26 109
27 1922
27 2041
27 2260
27 936
27 2293
27 2343
27 2385
27 2544
27 2547
27 1099
27 312
27 1179
27 339
27 1298
27 393
27 1338
27 453
27 454
27 1480
27 1512
27 639
27 1527
27 1529
27 1598
27 1693
27 711
27 151
27 152
27 824
27 825
27 854
27 881
28 1908
28 1917
28 1966
28 1996
28 2040
28 2078
28 2089
28 2135
28 2138
28 2145
28 2147
28 2153
28 2177
28 2182
28 2198
28 2222
28 2246
28 2258
28 2357
28 2391
28 2416
28 2485
28 2490
28 2491
28 2516
28 2518
28 2545
28 2548
28 2562
28 2563
28 2591
28 2621
28 2693
28 972
28 1047
28 1097
28 1109
28 1128
28 1156
28 1159
28 1160
28 358
28 369
28 370
28 371
28 1268
28 389
28 1389
28 1395
28 1397
28 544
28 1477
28 608
28 1529
28 1544
28 1669
28 1758
28 1761
28 739
28 162
28 164
28 786
28 1859
28 814
28 820
28 1875
28 841
28 852
28 1889
28 1890
28 1892
28 1893
28 1894
28 1895
30 1921
30 1991
30 2046
30 2096
30 2134
30 2158
30 2191
30 2227
30 2250
30 2673
30 262
30 1203
30 1449
30 92
30 1514
30 1517
31 1943
31 2469
31 2525
31 2532
31 2570
31 2639
31 1083
31 32
31 542
31 571
31 1570
31 1753
31 737
31 1811
31 817
32 542
33 2161
33 2176
33 2541
33 620
33 1831
34 504
35 2150
36 2049
36 2065
37 998
37 61
38 59
39 2024
39 2099
39 37
39 61
40 2647
40 2659
40 2660
40 37
41 930
41 2075
41 2301
41 42
42 891
42 2099
42 2211
42 2642
42 2645
42 35
42 1316
42 810
43 891
43 2624
43 2660
43 1127
43 1214
43 60
43 1374
43 530
43 760
43 807
44 1918
44 2050
44 2062
44 2063
44 1003
44 1090
44 74
44 612
44 158
45 1918
45 2281
45 2476
45 534
45 141
46 202
46 2022
46 2132
46 2412
46 1089
46 549
46 766
47 1906
47 1911
47 2000
47 2020
47 2050
47 2076
47 2151
47 2200
47 2227
47 2252
47 2330
47 2651
47 1034
47 1036
47 1078
47 312
47 1224
47 373
47 393
47 612
47 613
47 614
47 615
47 1592
47 1598
47 1599
47 702
47 151
47 152
47 755
48 899
48 918
48 1946
48 2174
48 2186
48 2217
48 2235
48 2590
48 1119
48 1135
48 1198
48 442
48 1384
48 1406
48 90
48 670
48 109
48 710
49 1961
49 2008
49 2039
49 2077
49 2186
49 2273
49 2294
49 2590
49 1198
49 1221
49 398
49 1492
49 638
50 2162
50 2421
50 2425
50 2481
50 2517
50 2554
50 2584
50 1253
50 1265
50 1335
50 1442
50 1579
50 1813
50 1815
50 1816
50 1843
50 884
51 2232
52 1980
52 2119
52 2162
52 2280
52 2421
52 2425
52 2481
52 2507
52 2517
52 2518
52 1209
52 1253
52 1267
52 50
52 1442
52 567
52 1576
52 1577
52 1578
52 1579
52 1591
52 1677
52 1680
52 1815
52 1816
52 1843
52 1854
52 884
53 2042
53 2245
53 55
53 1399
54 2040
54 2042
54 2119
54 2140
54 2205
54 2257
54 2286
54 2519
54 1107
54 1301
54 53
54 55
54 1399
54 1495
54 102
54 106
54 885
55 2140
55 1301
55 53
55 1399
55 885
56 2255
56 233
56 1444
56 751
57 2023
57 1299
57 481
58 282
58 1244
58 456
58 1445
58 96
58 810
59 929
59 930
59 1238
59 810
60 1995
60 999
60 37
60 39
60 61
61 929
61 930
61 931
61 743
62 908
62 930
62 931
62 2611
62 37
62 1496
62 787
62 788
63 2070
63 1002
63 1003
63 1334
63 100
64 915
64 2012
64 2325
64 2454
64 1002
64 1003
64 1043
64 1112
64 1372
64 1376
64 65
64 1466
64 100
64 1531
64 1704
65 915
65 1002
65 1376
65 64
65 1466
65 100
65 1531
65 1704
66 1906
66 1120
66 1269
66 711
66 828
67 2004
67 2076
67 2236
67 2243
67 2600
67 2653
67 1158
67 1331
67 499
67 1464
67 613
67 138
67 718
67 140
67 156
68 2166
68 2313
68 2351
68 2417
68 2487
68 2509
68 971
68 1069
68 1120
68 1401
68 515
68 533
68 553
68 1472
68 1769
68 740
68 185
69 1939
69 2141
69 2434
69 2497
69 1119
69 1898
70 2497
70 2642
70 2645
70 1119
70 1120
71 887
71 1909
71 1940
71 1985
71 2007
71 2044
71 2055
71 2061
71 2116
71 2298
71 2308
71 2318
71 2357
71 2361
71 2428
71 2429
71 2431
71 2485
71 2491
71 2502
71 2586
71 2599
71 2615
71 2693
71 2700
71 963
71 1012
71 1097
71 289
71 1165
71 370
71 381
71 382
71 390
71 409
71 468
71 483
71 501
71 507
71 509
71 1440
71 1446
71 1479
71 1485
71 602
71 608
71 637
71 688
71 1698
71 1770
71 157
71 752
71 804
71 806
71 814
71 841
71 1885
71 847
71 1889
71 1893
71 874
72 912
72 1925
72 1998
72 1999
72 2019
72 2133
72 2164
72 2301
72 2355
72 2476
72 2648
72 1120
72 1151
72 1203
72 344
72 382
72 1303
72 1314
72 77
72 1388
72 533
72 534
72 584
72 609
72 131
72 695
72 696
72 1693
72 715
72 733
72 181
72 184
73 1998
73 2281
73 2355
73 344
73 349
73 1515
73 715
74 1939
74 2141
74 2304
74 1180
74 44
74 1328
74 1506
74 715
74 1900
75 2141
75 711
76 2304
76 1120
76 74
76 77
76 1646
77 1898
78 2081
78 2434
78 74
78 515
78 536
78 1898
79 1937
79 1946
79 2087
79 2128
79 1367
79 453
79 454
79 471
79 1406
79 1419
79 1877
79 874
80 2624
80 42
80 1214
80 1374
81 99
82 1974
82 2155
82 2221
83 916
83 2086
83 2095
83 417
83 1443
83 586
83 1508
84 1938
84 1939
84 1954
84 2055
84 210
84 2062
84 2077
84 2118
84 2145
84 2505
84 2506
84 2541
84 2560
84 2561
84 2627
84 961
84 969
84 970
84 243
84 1043
84 1079
84 1122
84 33
84 1362
84 475
84 1388
84 504
84 520
84 1437
84 1444
84 1470
84 83
84 586
84 1798
84 739
84 741
84 1848
84 1891
85 1951
85 2264
85 2558
85 2561
85 2588
85 952
85 33
85 1271
85 476
85 509
85 1437
85 586
85 685
85 690
85 1850
85 872
86 1919
87 1908
87 1920
87 2128
87 2177
87 2238
87 2357
87 2413
87 2416
87 977
87 27
87 4
87 1010
87 260
87 261
87 1122
87 1160
87 1185
87 420
87 421
87 1355
87 514
87 111
87 113
87 117
87 118
87 120
87 121
87 122
87 1669
87 1675
87 1859
87 1901
88 6
89 1989
89 2334
89 1030
89 1031
89 1459
89 9
89 1486
89 151
89 182
90 312
90 1471
90 94
90 1592
91 901
91 2043
91 2111
91 2652
91 222
91 228
91 1098
91 6
91 388
91 577
91 735
91 785
91 1900
91 1904
92 1921
93 170
95 1961
95 2039
95 2235
95 2273
95 1003
95 1119
96 2250
96 412
96 97
96 98
96 1514
97 2250
97 2263
97 2383
97 1327
97 412
97 1431
97 98
98 2250
98 1431
98 97
99 2250
99 97
99 98
100 927
100 1984
100 1002
100 1041
100 63
100 64
100 1409
100 1466
100 1478
100 1531
100 796
101 2618
101 1012
101 1014
101 1015
101 1049
102 2040
102 2140
102 2205
102 2245
102 2257
102 2286
102 2518
102 1045
102 1301
102 53
102 54
102 1399
102 778
102 1883
102 885
103 1980
103 2350
103 2423
104 2384
104 969
104 1247
104 15
105 1907
105 2201
105 1299
105 481
105 787
106 2080
106 15
107 1922
107 1081
107 1526
107 1594
108 1922
108 2000
108 2039
108 2075
108 2150
108 733
108 828
108 181
109 2035
109 229
109 406
109 442
109 1432
110 2506
110 2691
110 2692
110 1780
110 1787
111 2006
111 2028
111 2413
111 29
111 1185
111 112
111 113
111 121
111 122
112 1361
113 2317
114 2015
114 2090
114 2128
114 5
114 1020
114 336
114 413
114 876
115 2002
115 2154
115 2413
115 1126
115 334
115 165
117 209
117 1985
117 2254
117 2562
117 258
117 409
117 71
117 1450
118 2254
118 2637
118 427
118 667
118 801
118 1901
119 2047
119 957
119 958
119 1122
119 1152
119 1225
119 434
119 525
119 172
119 189
119 865
120 2254
121 207
121 1933
121 1986
121 2002
121 2006
121 2015
121 2028
121 2032
121 2047
121 2069
121 2090
121 2092
121 2095
121 2121
121 2123
121 2127
121 2177
121 2199
121 2203
121 2238
121 2275
121 2289
121 2344
121 2382
121 2386
121 2413
121 977
121 240
121 4
121 247
121 1020
121 29
121 262
121 1086
121 1109
121 298
121 1185
121 1194
121 334
121 336
121 1236
121 375
121 1276
121 413
121 414
121 420
121 424
121 432
121 434
121 1354
121 1361
121 1362
121 1408
121 507
121 525
121 1450
121 9
121 650
121 667
121 1640
121 111
121 113
121 114
121 117
121 120
121 122
121 123
121 126
121 127
121 1670
121 1671
121 1675
121 1782
121 165
121 1851
121 846
122 1986
122 1994
122 2059
122 2169
122 2317
122 2416
122 2619
122 977
122 262
122 1077
122 1160
122 368
122 409
122 420
122 430
122 1400
122 525
122 1450
122 113
122 117
122 118
122 123
122 127
122 1669
122 135
122 851
122 868
122 881
123 2244
123 127
124 2128
124 2177
124 2289
124 1251
124 876
124 1901
126 1020
126 114
126 127
127 427
127 1400
127 114
128 206
128 2295
128 2410
128 818
129 2158
129 2166
129 1264
129 740
130 2053
130 2227
130 2261
130 343
131 2019
131 2174
131 2601
131 2608
131 2631
131 2648
131 2658
131 1203
131 344
