131 72 1.0
131 1480 1.0
131 584 1.0
131 733 1.0
132 2313 1.0
132 1056 1.0
132 1203 1.0
132 1414 1.0
132 1516 1.0
133 2113 1.0
133 1203 1.0
134 1992 1.0
134 2103 1.0
135 2275 1.0
135 2385 1.0
135 433 1.0
136 1932 1.0
136 2386 1.0
136 301 1.0
136 433 1.0
136 650 1.0
136 135 1.0
136 1789 1.0
136 1879 1.0
137 1923 1.0
138 945 1.0
138 1142 1.0
138 1552 1.0
138 1599 1.0
139 2418 1.0
139 2646 1.0
139 1404 1.0
139 1459 1.0
139 1464 1.0
139 616 1.0
139 632 1.0
139 812 1.0
139 196 1.0
140 1992 1.0
140 2158 1.0
140 2249 1.0
140 1264 1.0
140 131 1.0
140 153 1.0
140 740 1.0
141 711 1.0
142 2093 1.0
142 1405 1.0
143 2281 1.0
143 1492 1.0
144 890 1.0
144 2183 1.0
144 1405 1.0
144 504 1.0
144 1529 1.0
144 1544 1.0
144 678 1.0
144 142 1.0
145 2012 1.0
145 1830 1.0
146 2194 1.0
146 2305 1.0
146 1101 1.0
146 1356 1.0
146 1363 1.0
146 1379 1.0
146 520 1.0
146 1439 1.0
146 1481 1.0
147 1979 1.0
147 2264 1.0
147 2350 1.0
147 1356 1.0
147 520 1.0
147 1439 1.0
147 617 1.0
147 618 1.0
148 2284 1.0
148 978 1.0
148 241 1.0
148 1476 1.0
148 149 1.0
148 795 1.0
149 2192 1.0
149 2284 1.0
149 2496 1.0
149 2592 1.0
149 2690 1.0
149 1124 1.0
149 1318 1.0
149 1476 1.0
149 1777 1.0
150 1964 1.0
150 2176 1.0
150 2449 1.0
150 2541 1.0
150 2627 1.0
150 33 1.0
150 1470 1.0
150 1476 1.0
150 84 1.0
150 1817 1.0
151 2664 1.0
151 1486 1.0
152 2707 1.0
152 1158 1.0
152 345 1.0
152 1369 1.0
152 156 1.0
152 854 1.0
153 2152 1.0
153 2216 1.0
153 1423 1.0
153 660 1.0
153 662 1.0
154 1906 1.0
154 895 1.0
154 2000 1.0
154 2165 1.0
154 2252 1.0
154 312 1.0
154 1269 1.0
154 1369 1.0
155 2187 1.0
156 1423 1.0
158 2062 1.0
158 2077 1.0
158 1043 1.0
158 1385 1.0
158 640 1.0
159 2259 1.0
160 2540 1.0
160 276 1.0
160 1225 1.0
160 51 1.0
160 646 1.0
161 2564 1.0
161 162 1.0
161 164 1.0
161 1856 1.0
162 1856 1.0
163 1856 1.0
164 162 1.0
164 1855 1.0
164 1856 1.0
165 1986 1.0
165 2025 1.0
165 2065 1.0
165 2121 1.0
165 2199 1.0
165 2209 1.0
165 1398 1.0
166 2656 1.0
166 866 1.0
168 2270 1.0
168 2641 1.0
168 1051 1.0
168 1378 1.0
168 169 1.0
168 799 1.0
169 2124 1.0
169 2467 1.0
169 2641 1.0
169 1051 1.0
169 1378 1.0
169 1456 1.0
169 168 1.0
170 2573 1.0
170 1380 1.0
171 913 1.0
171 1939 1.0
171 2273 1.0
171 1090 1.0
171 1180 1.0
171 398 1.0
171 533 1.0
173 2054 1.0
173 2076 1.0
173 2098 1.0
173 2354 1.0
173 2512 1.0
173 217 1.0
173 2644 1.0
173 2669 1.0
173 1017 1.0
173 354 1.0
173 355 1.0
173 374 1.0
173 1314 1.0
173 453 1.0
173 1419 1.0
173 613 1.0
173 614 1.0
173 615 1.0
173 647 1.0
173 1647 1.0
173 689 1.0
173 129 1.0
173 711 1.0
173 138 1.0
173 878 1.0
174 2240 1.0
174 2518 1.0
174 52 1.0
174 775 1.0
174 778 1.0
175 2706 1.0
175 1044 1.0
175 1118 1.0
175 1819 1.0
176 2511 1.0
176 2706 1.0
176 24 1.0
176 1148 1.0
176 1256 1.0
176 663 1.0
176 1819 1.0
176 175 1.0
177 2174 1.0
177 237 1.0
177 1135 1.0
177 512 1.0
177 638 1.0
178 1135 1.0
178 512 1.0
179 1924 1.0
179 523 1.0
180 912 1.0
180 1924 1.0
181 912 1.0
181 1924 1.0
182 892 1.0
182 912 1.0
182 1924 1.0
182 1974 1.0
182 2221 1.0
182 1131 1.0
182 403 1.0
182 1370 1.0
182 1408 1.0
182 9 1.0
182 1499 1.0
182 630 1.0
182 632 1.0
182 671 1.0
182 836 1.0
183 1457 1.0
184 1925 1.0
184 2664 1.0
185 1925 1.0
186 906 1.0
186 2394 1.0
186 1441 1.0
186 1653 1.0
186 1752 1.0
186 1860 1.0
186 189 1.0
187 1956 1.0
187 2299 1.0
187 2620 1.0
187 2667 1.0
187 1196 1.0
187 1250 1.0
187 1441 1.0
187 189 1.0
188 2251 1.0
188 2665 1.0
188 1441 1.0
188 1653 1.0
188 1746 1.0
188 1754 1.0
188 189 1.0
189 2394 1.0
189 2616 1.0
189 311 1.0
189 1441 1.0
189 1653 1.0
190 1937 1.0
190 2526 1.0
191 900 1.0
192 900 1.0
192 91 1.0
192 191 1.0
193 1926 1.0
193 1295 1.0
194 2424 1.0
194 1687 1.0
195 2242 1.0
195 484 1.0
196 2412 1.0
196 2633 1.0
196 1034 1.0
196 1036 1.0
196 1152 1.0
197 2652 1.0
197 444 1.0
197 137 1.0
198 2019 1.0
198 2293 1.0
198 939 1.0
198 1102 1.0
198 304 1.0
198 344 1.0
198 1220 1.0
198 1303 1.0
198 72 1.0
198 534 1.0
198 537 1.0
198 609 1.0
198 1527 1.0
198 131 1.0
198 695 1.0
198 696 1.0
198 1693 1.0
198 1822 1.0
198 824 1.0
199 202 1.0
200 198 1.0
200 2111 1.0
200 225 1.0
200 226 1.0
200 228 1.0
200 980 1.0
200 279 1.0
200 6 1.0
200 1291 1.0
200 405 1.0
200 91 1.0
200 728 1.0
200 734 1.0
200 735 1.0
200 192 1.0
201 202 1.0
201 203 1.0
201 2046 1.0
201 2087 1.0
201 2144 1.0
201 2253 1.0
201 1306 1.0
201 595 1.0
201 645 1.0
201 135 1.0
202 828 1.0
203 2253 1.0
203 59 1.0
204 1935 1.0
204 936 1.0
204 1215 1.0
204 357 1.0
204 555 1.0
204 182 1.0
205 1927 1.0
205 2034 1.0
205 2390 1.0
205 2417 1.0
205 1191 1.0
205 462 1.0
205 463 1.0
205 464 1.0
205 515 1.0
205 568 1.0
205 1802 1.0
207 2087 1.0
207 2134 1.0
207 2547 1.0
207 2644 1.0
207 1150 1.0
207 349 1.0
207 453 1.0
207 460 1.0
207 1464 1.0
207 592 1.0
207 1647 1.0
207 125 1.0
207 181 1.0
207 851 1.0
208 201 1.0
208 207 1.0
208 2703 1.0
208 313 1.0
208 333 1.0
208 1224 1.0
208 1294 1.0
208 9 1.0
208 1646 1.0
208 182 1.0
208 881 1.0
209 1928 1.0
209 371 1.0
210 539 1.0
211 2404 1.0
211 2486 1.0
211 1184 1.0
211 383 1.0
213 216 1.0
214 2331 1.0
214 212 1.0
214 2653 1.0
214 343 1.0
214 1233 1.0
214 499 1.0
214 613 1.0
214 1526 1.0
214 1594 1.0
215 2343 1.0
216 213 1.0
216 1219 1.0
216 454 1.0
216 569 1.0
216 575 1.0
217 1492 1.0
217 710 1.0
217 796 1.0
218 2322 1.0
219 227 1.0
219 1075 1.0
220 2034 1.0
220 2104 1.0
221 2228 1.0
221 88 1.0
221 1904 1.0
222 1910 1.0
222 2003 1.0
222 2193 1.0
222 2217 1.0
222 2649 1.0
222 220 1.0
222 229 1.0
222 1093 1.0
222 1098 1.0
222 1240 1.0
222 440 1.0
222 441 1.0
222 442 1.0
222 1373 1.0
222 1384 1.0
222 1471 1.0
222 90 1.0
222 94 1.0
222 710 1.0
222 859 1.0
223 391 1.0
224 2026 1.0
224 2034 1.0
224 2104 1.0
224 2482 1.0
224 2498 1.0
224 220 1.0
224 527 1.0
224 627 1.0
225 934 1.0
225 2228 1.0
225 734 1.0
226 2322 1.0
226 219 1.0
226 227 1.0
226 6 1.0
226 406 1.0
226 863 1.0
227 2228 1.0
227 231 1.0
228 2111 1.0
228 222 1.0
228 91 1.0
228 662 1.0
228 109 1.0
228 728 1.0
228 785 1.0
229 220 1.0
230 894 1.0
230 2034 1.0
230 2104 1.0
230 220 1.0
231 2228 1.0
231 1075 1.0
233 921 1.0
233 2255 1.0
233 2609 1.0
233 2668 1.0
233 1096 1.0
233 1227 1.0
233 1444 1.0
233 1452 1.0
233 1891 1.0
234 2401 1.0
234 288 1.0
234 290 1.0
234 292 1.0
234 1445 1.0
234 658 1.0
235 288 1.0
235 752 1.0
236 897 1.0
236 1944 1.0
236 2026 1.0
236 2482 1.0
236 219 1.0
236 224 1.0
236 226 1.0
236 228 1.0
236 1082 1.0
236 1099 1.0
236 288 1.0
236 340 1.0
236 341 1.0
236 406 1.0
236 91 1.0
236 109 1.0
236 137 1.0
236 728 1.0
236 734 1.0
237 2483 1.0
237 288 1.0
237 1278 1.0
238 913 1.0
238 1385 1.0
238 1396 1.0
240 1913 1.0
240 1963 1.0
240 1969 1.0
240 2036 1.0
240 2396 1.0
240 992 1.0
240 1028 1.0
240 1250 1.0
240 422 1.0
240 1461 1.0
240 651 1.0
240 653 1.0
240 656 1.0
240 1561 1.0
240 1566 1.0
240 694 1.0
240 699 1.0
240 812 1.0
240 189 1.0
241 2284 1.0
241 2592 1.0
241 2690 1.0
241 242 1.0
241 1777 1.0
241 148 1.0
241 149 1.0
241 795 1.0
242 2284 1.0
242 968 1.0
242 1318 1.0
242 84 1.0
242 1777 1.0
242 148 1.0
242 149 1.0
245 1881 1.0
246 2205 1.0
246 1107 1.0
247 298 1.0
247 1851 1.0
248 2025 1.0
248 2254 1.0
248 1851 1.0
249 1968 1.0
249 250 1.0
250 1968 1.0
250 1009 1.0
251 1968 1.0
251 1009 1.0
251 250 1.0
251 1126 1.0
251 1228 1.0
251 1411 1.0
251 1458 1.0
252 2591 1.0
252 1009 1.0
253 301 1.0
254 255 1.0
254 256 1.0
254 813 1.0
255 2170 1.0
255 966 1.0
255 813 1.0
255 1902 1.0
256 2248 1.0
257 2170 1.0
257 2248 1.0
257 966 1.0
257 256 1.0
257 1199 1.0
257 1360 1.0
257 1902 1.0
258 2028 1.0
258 2248 1.0
258 27 1.0
258 29 1.0
259 2081 1.0
259 522 1.0
259 523 1.0
260 1952 1.0
260 261 1.0
260 457 1.0
260 563 1.0
260 818 1.0
261 2238 1.0
263 262 1.0
264 2320 1.0
264 336 1.0
265 497 1.0
266 2233 1.0
266 2603 1.0
266 2606 1.0
266 2655 1.0
266 2702 1.0
266 1054 1.0
266 488 1.0
266 571 1.0
266 1747 1.0
266 879 1.0
266 882 1.0
267 1929 1.0
268 1929 1.0
268 1710 1.0
269 1930 1.0
269 1941 1.0
269 270 1.0
269 272 1.0
269 489 1.0
269 756 1.0
270 1930 1.0
270 1941 1.0
270 2226 1.0
270 272 1.0
270 489 1.0
270 756 1.0
271 1930 1.0
271 1941 1.0
271 2226 1.0
271 270 1.0
271 272 1.0
271 489 1.0
271 756 1.0
272 1930 1.0
273 1931 1.0
273 2158 1.0
273 2236 1.0
273 1273 1.0
274 1931 1.0
274 1990 1.0
274 2602 1.0
274 654 1.0
274 1601 1.0
274 680 1.0
275 1931 1.0
275 276 1.0
276 1931 1.0
276 1601 1.0
277 2093 1.0
277 1319 1.0
278 384 1.0
278 1818 1.0
279 198 1.0
279 200 1.0
279 1944 1.0
279 2035 1.0
279 2152 1.0
279 2646 1.0
279 225 1.0
279 236 1.0
279 1137 1.0
279 1216 1.0
279 1232 1.0
279 1240 1.0
279 506 1.0
279 556 1.0
279 662 1.0
279 785 1.0
279 838 1.0
279 191 1.0
279 192 1.0
280 506 1.0
281 239 1.0
282 2071 1.0
282 2214 1.0
282 2611 1.0
282 2673 1.0
282 283 1.0
282 1138 1.0
282 1244 1.0
283 2172 1.0
283 2214 1.0
284 1100 1.0
284 1165 1.0
284 1372 1.0
284 1830 1.0
285 2325 1.0
285 1100 1.0
285 65 1.0
285 1521 1.0
285 1767 1.0
285 1827 1.0
286 1979 1.0
286 2439 1.0
286 1100 1.0
286 1162 1.0
286 1163 1.0
286 1165 1.0
286 1372 1.0
286 64 1.0
286 65 1.0
286 1521 1.0
286 1704 1.0
287 1080 1.0
287 290 1.0
287 292 1.0
287 1445 1.0
287 1473 1.0
287 628 1.0
288 961 1.0
289 1981 1.0
290 2399 1.0
291 1959 1.0
291 2159 1.0
291 2319 1.0
291 292 1.0
291 1330 1.0
292 291 1.0
293 2282 1.0
293 2399 1.0
293 237 1.0
293 292 1.0
294 914 1.0
294 1959 1.0
294 1981 1.0
294 2068 1.0
294 2239 1.0
294 2282 1.0
294 235 1.0
294 1341 1.0
295 2440 1.0
295 2450 1.0
295 2456 1.0
295 2461 1.0
295 984 1.0
295 1709 1.0
295 1710 1.0
295 1712 1.0
295 1720 1.0
295 1721 1.0
295 1739 1.0
295 1740 1.0
296 2597 1.0
296 2632 1.0
296 1710 1.0
297 2022 1.0
297 2209 1.0
297 2316 1.0
297 298 1.0
297 1155 1.0
297 477 1.0
297 864 1.0
298 2613 1.0
298 2652 1.0
298 1155 1.0
298 477 1.0
298 864 1.0
299 2161 1.0
299 1334 1.0
300 1479 1.0
301 1932 1.0
301 1965 1.0
301 2275 1.0
301 2385 1.0
301 1126 1.0
301 431 1.0
301 478 1.0
301 1789 1.0
301 1879 1.0
302 1932 1.0
303 1932 1.0
304 2236 1.0
304 2602 1.0
304 72 1.0
304 1385 1.0
304 537 1.0
304 654 1.0
305 2021 1.0
305 696 1.0
306 1283 1.0
307 1991 1.0
308 1290 1.0
309 829 1.0
310 2014 1.0
310 1468 1.0
310 829 1.0
312 1906 1.0
312 90 1.0
312 1592 1.0
313 2640 1.0
313 312 1.0
313 90 1.0
314 447 1.0
314 1524 1.0
314 1525 1.0
315 1119 1.0
315 834 1.0
316 757 1.0
317 910 1.0
317 2114 1.0
317 952 1.0
317 1130 1.0
317 316 1.0
317 478 1.0
317 1400 1.0
317 1481 1.0
317 1508 1.0
317 719 1.0
317 757 1.0
317 797 1.0
317 859 1.0
318 2043 1.0
318 319 1.0
318 828 1.0
320 2001 1.0
320 2114 1.0
320 346 1.0
321 346 1.0
321 1507 1.0
322 1954 1.0
322 346 1.0
323 2275 1.0
323 324 1.0
323 1789 1.0
323 801 1.0
325 2619 1.0
325 2628 1.0
325 324 1.0
326 1616 1.0
326 1620 1.0
326 1621 1.0
326 830 1.0
327 2035 1.0
327 2661 1.0
327 244 1.0
327 313 1.0
327 455 1.0
327 1801 1.0
328 1996 1.0
328 2138 1.0
328 2149 1.0
328 2319 1.0
328 2358 1.0
328 2474 1.0
328 2540 1.0
328 2545 1.0
328 976 1.0
328 1156 1.0
328 369 1.0
328 1275 1.0
328 1389 1.0
328 563 1.0
328 608 1.0
328 117 1.0
328 688 1.0
328 1676 1.0
328 1680 1.0
328 1760 1.0
328 1762 1.0
328 724 1.0
328 1795 1.0
328 162 1.0
328 164 1.0
328 1854 1.0
328 814 1.0
328 1873 1.0
328 1888 1.0
328 1889 1.0
328 1894 1.0
329 1009 1.0
329 1271 1.0
329 476 1.0
329 545 1.0
329 872 1.0
330 529 1.0
330 703 1.0
330 845 1.0
331 330 1.0
331 844 1.0
331 845 1.0
331 861 1.0
332 845 1.0
332 19 1.0
333 2052 1.0
333 2156 1.0
333 2178 1.0
333 2185 1.0
333 2224 1.0
333 938 1.0
333 2419 1.0
333 2420 1.0
333 2575 1.0
333 2596 1.0
333 2670 1.0
333 2671 1.0
333 2672 1.0
333 1063 1.0
333 58 1.0
333 456 1.0
333 1445 1.0
333 96 1.0
333 1547 1.0
333 1548 1.0
333 1549 1.0
333 845 1.0
334 1933 1.0
334 2206 1.0
335 1933 1.0
335 1938 1.0
335 2019 1.0
336 1933 1.0
336 2015 1.0
336 2032 1.0
336 2090 1.0
336 375 1.0
336 744 1.0
336 165 1.0
337 2013 1.0
337 2098 1.0
337 2218 1.0
337 338 1.0
337 339 1.0
337 1264 1.0
337 1435 1.0
337 129 1.0
338 339 1.0
340 2041 1.0
340 2208 1.0
340 2268 1.0
340 219 1.0
340 227 1.0
340 231 1.0
340 980 1.0
340 341 1.0
340 388 1.0
340 560 1.0
340 863 1.0
341 2041 1.0
341 2268 1.0
341 218 1.0
341 219 1.0
341 227 1.0
341 231 1.0
341 340 1.0
341 560 1.0
341 863 1.0
342 2334 1.0
342 1423 1.0
345 2335 1.0
345 2707 1.0
347 2167 1.0
347 2180 1.0
347 348 1.0
347 1351 1.0
347 1357 1.0
348 2046 1.0
348 2134 1.0
348 2167 1.0
348 1351 1.0
348 1357 1.0
348 1514 1.0
350 2173 1.0
351 1934 1.0
351 2031 1.0
351 2117 1.0
351 2348 1.0
351 1066 1.0
351 1173 1.0
351 352 1.0
351 1281 1.0
351 1491 1.0
351 1612 1.0
351 1643 1.0
352 1934 1.0
352 2031 1.0
352 2348 1.0
352 1643 1.0
353 2016 1.0
353 2349 1.0
353 1214 1.0
353 1374 1.0
353 530 1.0
353 531 1.0
353 532 1.0
353 81 1.0
354 2076 1.0
354 1063 1.0
354 613 1.0
354 614 1.0
354 615 1.0
354 138 1.0
355 204 1.0
355 919 1.0
355 920 1.0
355 1935 1.0
355 2260 1.0
355 2267 1.0
355 2294 1.0
355 238 1.0
355 258 1.0
355 34 1.0
355 356 1.0
355 357 1.0
355 68 1.0
355 511 1.0
355 1435 1.0
355 701 1.0
355 140 1.0
355 141 1.0
355 855 1.0
356 204 1.0
356 1935 1.0
356 357 1.0
357 204 1.0
357 1935 1.0
358 2083 1.0
358 544 1.0
359 362 1.0
360 362 1.0
361 2087 1.0
361 2134 1.0
361 362 1.0
363 362 1.0
364 2029 1.0
364 2249 1.0
364 430 1.0
365 366 1.0
365 765 1.0
366 2171 1.0
366 1023 1.0
366 1026 1.0
366 764 1.0
366 833 1.0
367 1975 1.0
367 2100 1.0
367 545 1.0
367 556 1.0
367 1567 1.0
368 1991 1.0
368 1122 1.0
368 307 1.0
370 1156 1.0
370 371 1.0
371 2061 1.0
371 259 1.0
371 1084 1.0
371 1234 1.0
371 370 1.0
371 1761 1.0
371 851 1.0
373 393 1.0
374 896 1.0
374 897 1.0
374 2217 1.0
374 212 1.0
374 217 1.0
374 2638 1.0
374 2644 1.0
374 1164 1.0
374 355 1.0
374 397 1.0
374 398 1.0
374 1459 1.0
374 710 1.0
374 757 1.0
374 816 1.0
375 2002 1.0
375 2032 1.0
375 167 1.0
376 2094 1.0
376 278 1.0
376 1886 1.0
377 1936 1.0
377 2005 1.0
377 2635 1.0
378 2065 1.0
379 1954 1.0
379 1971 1.0
379 1975 1.0
379 1999 1.0
379 2009 1.0
379 2290 1.0
379 2435 1.0
379 2454 1.0
379 2595 1.0
379 2685 1.0
379 981 1.0
379 1004 1.0
379 1009 1.0
379 1067 1.0
379 1068 1.0
379 329 1.0
379 1197 1.0
379 1207 1.0
379 367 1.0
379 1271 1.0
379 408 1.0
379 545 1.0
379 697 1.0
379 1698 1.0
379 709 1.0
379 1781 1.0
379 796 1.0
379 847 1.0
379 873 1.0
380 1949 1.0
380 2115 1.0
380 1004 1.0
380 493 1.0
380 546 1.0
380 141 1.0
381 2599 1.0
381 2615 1.0
381 2700 1.0
381 382 1.0
381 390 1.0
381 874 1.0
382 1339 1.0
382 1433 1.0
384 2055 1.0
384 2219 1.0
384 2561 1.0
384 2675 1.0
384 1072 1.0
384 1207 1.0
384 1785 1.0
384 15 1.0
385 1958 1.0
385 1990 1.0
385 2278 1.0
385 2323 1.0
385 44 1.0
385 1697 1.0
386 413 1.0
386 578 1.0
387 1592 1.0
388 2041 1.0
388 2072 1.0
388 2262 1.0
388 1432 1.0
389 2153 1.0
390 1150 1.0
390 382 1.0
390 501 1.0
390 874 1.0
391 1075 1.0
391 1285 1.0
392 2003 1.0
392 2208 1.0
392 1075 1.0
393 372 1.0
394 2004 1.0
394 2174 1.0
395 1961 1.0
395 670 1.0
396 2075 1.0
397 1419 1.0
397 171 1.0
399 2089 1.0
399 2375 1.0
399 2591 1.0
399 1159 1.0
400 2591 1.0
401 2008 1.0
401 2356 1.0
401 402 1.0
401 1600 1.0
401 715 1.0
402 1999 1.0
402 1854 1.0
403 2101 1.0
403 258 1.0
403 1131 1.0
403 1370 1.0
403 496 1.0
404 2008 1.0
404 2544 1.0
404 402 1.0
405 934 1.0
405 980 1.0
405 1291 1.0
406 2208 1.0
406 226 1.0
407 916 1.0
407 1947 1.0
407 2317 1.0
407 410 1.0
407 417 1.0
407 1799 1.0
407 1800 1.0
407 1801 1.0
407 774 1.0
408 916 1.0
408 943 1.0
408 313 1.0
408 367 1.0
408 410 1.0
408 417 1.0
408 1799 1.0
408 1800 1.0
408 1801 1.0
409 335 1.0
409 417 1.0
409 650 1.0
410 417 1.0
411 913 1.0
411 1938 1.0
411 2278 1.0
411 936 1.0
411 2509 1.0
411 34 1.0
411 374 1.0
412 97 1.0
412 98 1.0
413 2154 1.0
413 2344 1.0
413 1387 1.0
414 334 1.0
414 115 1.0
415 2046 1.0
415 2292 1.0
416 2177 1.0
416 2382 1.0
416 1671 1.0
417 916 1.0
417 2206 1.0
417 1799 1.0
417 1801 1.0
418 2607 1.0
418 19 1.0
419 2624 1.0
420 2025 1.0
421 2006 1.0
421 2028 1.0
421 997 1.0
421 29 1.0
421 1371 1.0
421 1434 1.0
421 1550 1.0
421 656 1.0
422 1963 1.0
422 2036 1.0
422 421 1.0
422 1371 1.0
422 656 1.0
422 699 1.0
423 922 1.0
424 2069 1.0
424 2123 1.0
424 2386 1.0
424 247 1.0
424 1276 1.0
424 414 1.0
424 1398 1.0
424 120 1.0
424 126 1.0
424 1670 1.0
424 1671 1.0
424 865 1.0
425 507 1.0
426 1993 1.0
426 2308 1.0
426 962 1.0
427 2025 1.0
428 1408 1.0
429 2351 1.0
429 409 1.0
429 125 1.0
429 126 1.0
430 2029 1.0
430 2249 1.0
430 1192 1.0
432 846 1.0
434 1122 1.0
434 368 1.0
435 2637 1.0
435 4 1.0
435 1211 1.0
435 172 1.0
435 866 1.0
436 247 1.0
436 120 1.0
437 2626 1.0
437 1086 1.0
437 1398 1.0
437 1859 1.0
438 2582 1.0
438 2656 1.0
438 1007 1.0
438 1417 1.0
438 166 1.0
438 868 1.0
439 977 1.0
439 1211 1.0
440 473 1.0
441 1910 1.0
441 442 1.0
443 222 1.0
443 1093 1.0
443 1094 1.0
445 643 1.0
445 1585 1.0
445 1642 1.0
446 910 1.0
446 1979 1.0
446 1106 1.0
446 1165 1.0
446 447 1.0
446 509 1.0
446 719 1.0
446 834 1.0
446 859 1.0
447 2303 1.0
447 2311 1.0
448 2110 1.0
448 2277 1.0
448 1005 1.0
448 1064 1.0
448 1080 1.0
448 449 1.0
448 71 1.0
448 1454 1.0
449 1007 1.0
450 1007 1.0
450 1363 1.0
450 508 1.0
450 147 1.0
451 1092 1.0
452 2246 1.0
452 71 1.0
452 1680 1.0
452 775 1.0
453 2599 1.0
453 2615 1.0
453 2700 1.0
453 1065 1.0
453 454 1.0
455 244 1.0
458 2008 1.0
459 2281 1.0
459 600 1.0
461 1983 1.0
461 1135 1.0
462 2390 1.0
462 463 1.0
462 1802 1.0
463 1802 1.0
464 205 1.0
464 1912 1.0
464 2034 1.0
464 2290 1.0
464 2297 1.0
464 2390 1.0
