464 2397
464 2551
464 2593
464 2598
464 2625
464 1191
464 1343
464 462
464 463
464 470
464 568
464 1802
464 1803
465 2167
465 939
465 276
465 338
465 1351
465 1357
465 538
466 2434
466 964
466 534
466 538
467 2424
467 2592
467 1247
467 550
467 551
467 1681
467 1682
467 1683
467 1687
467 1688
467 194
468 725
468 726
469 1413
469 843
470 2297
470 2395
470 1191
470 471
471 1191
472 2135
472 2260
472 2679
472 1204
472 468
472 1402
472 498
472 582
472 141
472 1805
473 685
473 859
474 278
474 1132
474 539
474 1694
474 1695
474 819
475 33
475 741
476 873
477 2209
479 1979
479 2264
479 2515
479 1101
479 1356
479 1363
479 1379
479 1481
480 1907
480 481
482 2074
482 244
482 1471
483 979
483 1220
483 495
484 2242
484 2282
484 791
484 792
484 794
485 2220
485 484
485 791
485 792
485 794
486 1940
486 2657
486 2695
486 487
486 1625
486 804
487 1940
487 2082
488 1940
488 2532
488 2570
488 1610
488 1625
489 1941
489 2226
490 2011
490 2091
490 2148
490 2163
490 2188
490 2279
490 2633
490 1181
490 491
490 492
490 1420
490 832
490 840
491 2279
491 832
491 840
492 2279
492 491
492 840
493 1942
493 546
494 1942
495 899
495 971
495 1219
496 363
496 457
497 1944
497 2003
497 265
498 2122
498 2620
498 2667
498 1066
498 1217
498 351
498 1275
498 1317
498 582
498 605
498 1500
498 1790
500 1123
500 501
500 674
501 2212
502 1945
502 2179
502 703
502 861
503 923
503 926
503 2049
503 2305
503 36
503 1510
503 757
504 890
504 1909
504 2089
504 2183
504 2369
504 1159
504 1451
504 677
504 678
504 1666
505 23
505 2122
505 558
505 1498
507 1019
507 350
507 425
508 2593
508 2598
508 2625
508 450
509 1967
509 2588
509 2593
509 2598
509 2625
509 1189
509 1438
509 1439
509 1440
509 1446
509 617
509 618
509 722
510 2613
510 298
510 784
511 913
511 1946
511 936
511 238
511 355
511 397
511 1385
511 1407
511 504
511 590
511 658
511 701
512 1946
512 1983
512 2174
512 1328
512 638
513 2512
513 2601
513 2608
513 2631
513 2658
513 1197
513 335
514 335
515 2351
515 971
515 1166
516 2049
516 5
516 1172
516 521
516 1596
516 1597
517 2412
517 1234
517 47
517 107
517 702
518 2222
518 1308
519 1967
520 1363
521 2049
521 2305
521 2613
521 1356
521 784
524 922
524 2376
524 2398
524 2680
524 954
524 1603
524 1604
524 1608
524 1640
524 1650
524 681
525 1947
526 2455
526 2457
526 1042
526 1085
526 1705
526 1739
527 1994
527 2551
527 94
527 627
527 710
527 801
528 1948
529 2016
529 2178
529 2596
530 1374
531 2016
531 2084
532 2349
532 531
534 2019
534 834
535 1990
535 2362
535 2363
535 2364
535 944
535 945
535 946
535 1193
535 1331
535 72
535 588
535 609
535 639
535 1600
535 1601
535 780
536 1401
536 515
536 537
536 1516
537 1998
537 2487
537 72
537 131
538 2434
538 964
538 534
539 540
539 722
539 724
540 722
540 723
541 5
542 32
543 2291
543 2696
543 2698
543 2699
543 1077
543 1112
543 1162
543 1279
543 1357
543 64
543 624
543 1518
543 1521
543 1528
543 1767
543 1825
543 1827
543 1830
545 1949
545 2115
546 1949
547 956
548 956
548 258
549 1950
549 2502
549 2601
549 2608
549 2631
549 2658
549 7
549 609
549 1781
551 550
551 1688
551 1878
552 2267
552 936
552 2487
552 1056
552 1069
552 1472
552 1769
554 1951
555 2047
555 2126
555 996
556 1887
557 21
557 2079
557 1062
557 1154
557 1173
557 1175
557 1196
557 572
557 1553
557 1632
557 681
559 2182
559 2207
559 2594
559 1397
560 1240
561 391
562 1285
562 391
562 561
562 662
562 1904
563 1952
564 1952
564 2184
565 2446
566 2553
566 1084
566 289
567 1495
567 885
568 2390
568 463
568 1802
569 2004
569 1213
569 601
570 1953
571 2342
572 2374
572 997
572 1246
572 1434
572 557
572 1553
573 1217
573 1297
573 1649
574 2453
574 398
576 2430
576 1179
576 1406
576 577
576 1900
577 1976
577 2001
577 2499
577 1179
577 1180
577 1328
577 576
577 1900
578 1986
578 970
579 1955
579 2011
579 2163
579 2188
579 492
579 832
581 1956
581 2299
582 21
582 23
582 2484
582 1062
582 1175
582 1275
582 1500
582 1790
582 1899
583 2612
583 737
585 2640
585 1592
586 397
587 1976
589 919
589 920
589 1983
589 2218
589 2243
589 2600
589 1039
589 1370
589 518
589 1435
589 593
589 629
590 658
591 2654
591 658
593 919
593 2218
593 34
593 1435
594 2098
594 2643
594 1264
594 578
594 129
595 1431
596 2302
596 597
596 598
599 2296
602 1014
602 1247
603 1014
603 602
604 1956
604 2299
605 1956
605 1640
606 1956
607 2251
607 2539
607 1447
607 1467
608 2108
608 1235
608 1680
608 164
609 77
609 715
610 611
611 610
612 74
612 1492
613 2000
613 614
613 615
614 2334
615 614
617 253
617 509
617 1438
617 618
617 1792
618 253
618 1438
618 1446
619 975
619 277
619 1347
620 685
621 1957
622 2323
622 387
623 762
624 1279
625 2536
625 2698
625 1279
625 543
625 624
626 1279
626 624
627 2026
627 224
627 236
627 620
630 2221
630 363
630 403
630 496
631 2155
631 363
631 630
631 632
632 1974
632 1131
632 1499
633 275
634 1960
634 636
635 1960
635 2106
635 634
636 1960
637 1364
637 539
637 1482
638 1961
639 2164
640 2476
640 2664
641 2191
641 654
642 922
642 2345
642 2347
642 2569
642 953
642 954
642 302
642 423
642 1581
642 1582
642 1583
642 1586
642 1607
642 1637
643 2373
643 2675
643 1052
643 1281
643 1489
643 1490
643 1586
643 1626
643 1628
643 673
643 713
644 2195
644 2374
644 1586
644 1589
644 1627
644 1634
644 673
644 692
645 105
646 1962
647 2354
648 2156
648 1215
648 1514
649 1215
650 1879
651 1963
651 2036
651 992
651 652
651 653
651 699
651 812
652 1963
652 2036
652 2396
652 992
652 1028
652 653
652 694
652 696
652 699
652 737
653 1963
653 1969
653 992
653 699
654 2191
654 2223
654 2602
654 1272
654 1414
655 421
655 1371
655 656
656 2368
656 325
656 421
656 1371
656 1461
657 2394
657 2510
657 2616
657 2680
657 431
657 1603
657 1604
657 1608
657 1640
657 1650
657 1752
658 1821
659 2705
659 1260
660 2216
660 662
661 153
662 2152
662 2216
662 660
663 245
663 1044
663 1881
664 2142
664 831
665 831
666 1065
666 831
667 1152
668 2130
668 1286
669 2340
669 2341
669 31
669 486
669 1572
669 737
670 2273
672 899
672 980
672 1232
672 1291
672 109
673 875
674 500
675 2599
675 2615
675 2700
675 1150
675 381
675 390
675 453
675 874
676 1451
676 677
677 1451
678 1451
680 695
681 2018
681 2398
681 2665
681 431
681 1899
682 1899
683 1970
684 2010
684 1224
684 856
685 473
685 620
685 859
686 2480
686 1195
686 1293
686 1613
686 1766
688 687
689 2027
690 2033
690 554
691 1359
692 1281
693 267
693 1377
694 992
696 1506
696 811
696 875
697 1971
698 1972
698 2261
698 2302
700 2081
700 866
701 1069
701 523
701 154
701 155
702 2200
702 1034
702 1036
702 259
702 155
703 2596
703 529
703 760
703 844
703 861
704 934
704 1291
705 1973
706 1089
706 517
706 700
707 2310
707 1023
707 1511
707 764
708 2073
708 2202
708 1023
708 1026
708 1057
708 366
708 707
708 1828
708 764
708 833
709 1975
709 2685
709 367
710 1976
710 2217
710 1373
710 94
711 1976
711 2107
712 2402
712 1052
712 643
712 1626
712 713
713 2288
713 875
714 1052
714 1626
714 1628
714 713
715 184
716 1416
716 184
717 2552
717 2574
717 1554
717 1810
717 1812
718 1977
718 629
719 1923
719 1977
719 2636
720 1505
720 805
721 805
722 540
723 540
724 2196
724 2609
724 2668
724 1437
724 540
725 468
725 726
726 468
727 1978
728 2074
728 2551
728 224
728 6
728 1129
728 527
728 627
729 2328
729 2329
729 1543
730 2156
730 649
731 598
732 1980
732 2350
732 2423
732 1591
736 1254
736 1458
736 174
737 1212
737 738
738 1212
739 2506
742 1983
742 2008
744 2024
744 743
745 2024
745 2047
745 996
745 743
745 744
746 409
746 514
747 2401
747 1609
747 1621
748 1985
749 2597
749 2632
750 1271
750 872
751 2543
752 2213
753 1986
754 1880
755 2335
755 152
755 854
755 1897
756 270
756 272
757 2049
757 952
757 316
757 503
758 2536
758 2538
758 1171
758 1511
758 1518
758 1528
758 1767
758 1826
758 1828
758 1829
759 1987
759 430
760 1987
760 1995
760 2647
760 2659
760 2660
761 2106
761 635
762 623
763 2011
763 2188
763 490
763 492
763 1420
763 832
764 1023
764 366
765 1023
765 365
766 202
766 2132
766 46
767 2247
767 2435
767 2436
768 1988
769 1988
770 1988
770 768
770 769
771 2017
771 2349
771 531
771 532
771 81
772 1989
772 2000
772 354
772 1464
773 904
773 2269
773 1051
774 2069
774 1799
776 1228
777 1228
778 2119
778 2240
778 1045
778 1883
779 1990
779 2360
779 2364
779 2664
779 1599
779 1601
780 1990
780 2364
780 1601
781 2007
781 2168
782 2574
782 783
784 917
784 2406
784 2613
784 2652
784 1101
784 1356
784 521
784 1596
784 1597
785 191
786 2405
786 2490
786 1150
786 385
786 1351
786 1357
786 8
786 1657
786 15
787 62
787 1496
788 62
788 1496
789 2242
790 1565
790 1835
790 195
792 484
792 790
792 794
792 195
793 2242
793 484
793 794
794 2242
794 484
794 790
794 791
794 195
795 1776
795 1778
796 2271
796 2475
796 217
796 2654
796 469
796 1410
796 797
796 843
797 2475
798 1378
798 168
798 799
799 2270
799 1378
800 254
800 255
800 256
801 1994
801 1879
802 803
805 804
806 804
807 1995
807 60
808 891
808 1995
808 60
809 2233
809 2306
809 2336
809 2338
809 2387
809 2401
809 2603
809 2606
809 2655
809 2681
809 2702
809 1305
809 1329
809 1366
809 0
809 1509
809 1557
809 1569
809 1654
809 747
809 802
809 817
809 883
810 1238
810 359
810 360
811 1897
812 240
812 651
812 652
812 653
812 694
813 1360
814 1996
815 1996
815 2196
815 2422
815 723
816 1997
816 2004
817 1997
817 2523
817 311
817 1314
817 1460
817 1504
817 883
820 368
820 1362
820 1563
821 1362
821 1672
822 2143
822 2324
822 2380
822 2606
822 2655
822 2681
822 2702
822 1083
822 1530
822 1560
822 1569
822 1573
822 1610
822 1696
822 712
822 1790
823 2243
823 2600
824 2243
824 2600
825 137
825 772
825 173
825 182
825 881
826 2003
827 2529
827 2619
827 2628
827 325
829 2139
829 309
830 1620
831 2353
831 1348
831 1349
831 1350
831 1862
832 492
833 2073
833 2663
833 1057
833 366
835 892
835 907
836 671
837 2005
837 2635
837 1037
837 12
837 708
838 2107
838 2175
838 2499
838 2604
838 1266
838 432
838 576
838 577
838 720
838 141
838 846
838 1900
839 917
839 2406
840 2279
840 491
841 2134
841 260
841 1395
842 637
843 469
843 1413
844 330
845 2084
845 2178
845 2179
845 330
846 2123
847 2009
848 2434
848 1131
848 538
849 1285
849 1904
850 2320
852 2629
852 968
852 1061
852 1336
852 1337
853 1137
854 156
855 2097
855 2282
856 2010
857 1052
857 1612
857 1625
857 1626
857 1628
857 692
858 1920
858 2378
858 2675
858 951
858 1634
858 692
861 2084
861 2179
862 2084
863 560
866 868
867 865
869 2656
869 166
869 868
870 865
871 2029
871 430
871 1905
872 476
873 476
876 1630
877 1634
877 876
878 1219
878 78
878 536
879 889
879 2603
879 2681
879 488
879 882
880 488
880 1610
882 2603
882 1564
883 817
884 1576
884 1577
884 1579
886 1578
887 1187
887 1485
887 1805
888 2017
889 2251
889 2539
890 677
891 892
891 1644
893 894
894 2104
894 2582
894 431
895 2020
896 2020
897 896
897 2638
897 1078
897 154
898 1505
900 191
901 191
902 1060
903 902
903 1060
904 2688
904 773
905 2147
905 2222
905 2375
905 399
905 400
906 2129
906 2336
906 2346
906 2402
906 2666
906 1284
906 1490
906 643
906 1565
907 908
907 2023
908 2023
909 2023
909 1773
910 988
911 988
911 991
914 1187
914 1330
914 1346
915 1187
915 1188
916 2095
917 1914
917 2406
918 2235
919 920
919 1435
921 2030
921 2255
922 2031
922 2347
922 2666
922 2676
922 423
922 1581
922 1582
922 1583
922 1588
923 924
923 1914
923 1106
923 1375
924 923
924 1914
925 923
925 924
925 2305
925 2527
925 719
926 923
926 1106
926 1375
926 1794
927 1041
928 2603
928 1344
929 930
929 931
930 929
930 931
932 835
933 2230
934 1291
935 2156
936 2267
936 2487
936 1056
936 1069
936 1769
937 2249
939 834
940 700
941 2300
942 2037
943 244
944 946
944 1331
945 946
945 1193
945 1552
945 780
947 2038
948 2077
948 385
948 77
949 2345
949 2347
949 951
949 1284
949 1581
949 1583
950 951
950 1284
951 1284
952 1400
953 423
954 953
955 2160
955 529
955 844
955 861
957 958
957 1251
958 1251
959 961
960 961
963 2044
963 2272
965 2064
965 2170
965 1902
966 1199
966 1902
967 2136
968 1061
