968 1337 1.0
972 2587 1.0
973 2067 1.0
973 2587 1.0
974 2605 1.0
975 1050 1.0
975 277 1.0
975 619 1.0
976 2474 1.0
976 2483 1.0
976 2701 1.0
976 369 1.0
976 563 1.0
976 1485 1.0
976 1760 1.0
976 1762 1.0
977 114 1.0
977 126 1.0
977 127 1.0
978 1124 1.0
978 148 1.0
979 629 1.0
980 2041 1.0
980 388 1.0
981 2042 1.0
982 2234 1.0
982 2292 1.0
982 2315 1.0
982 2316 1.0
982 1170 1.0
984 2455 1.0
984 296 1.0
985 2045 1.0
986 2045 1.0
986 985 1.0
987 911 1.0
988 911 1.0
988 724 1.0
989 911 1.0
989 991 1.0
989 1738 1.0
990 911 1.0
990 987 1.0
991 911 1.0
991 989 1.0
991 1720 1.0
991 1738 1.0
991 1740 1.0
992 2046 1.0
992 1461 1.0
992 1561 1.0
993 2146 1.0
993 1280 1.0
995 994 1.0
996 2047 1.0
997 1434 1.0
998 2048 1.0
998 2265 1.0
998 999 1.0
999 2048 1.0
999 2265 1.0
1000 1882 1.0
1004 546 1.0
1005 1080 1.0
1005 1225 1.0
1006 1225 1.0
1007 1458 1.0
1008 1458 1.0
1009 1458 1.0
1010 580 1.0
1010 605 1.0
1010 1619 1.0
1011 1812 1.0
1012 2068 1.0
1012 1015 1.0
1012 1049 1.0
1013 914 1.0
1013 2239 1.0
1014 914 1.0
1014 2239 1.0
1014 1015 1.0
1015 2618 1.0
1016 2618 1.0
1016 1015 1.0
1017 2354 1.0
1017 2669 1.0
1017 647 1.0
1018 2051 1.0
1019 1497 1.0
1020 2121 1.0
1020 2127 1.0
1020 2199 1.0
1021 2143 1.0
1021 1114 1.0
1021 1484 1.0
1022 2103 1.0
1022 1484 1.0
1022 1503 1.0
1022 802 1.0
1023 1026 1.0
1024 2171 1.0
1024 1026 1.0
1025 365 1.0
1026 2202 1.0
1026 1057 1.0
1027 365 1.0
1028 1969 1.0
1028 1461 1.0
1028 1561 1.0
1029 2519 1.0
1029 2550 1.0
1029 972 1.0
1029 1267 1.0
1029 174 1.0
1030 151 1.0
1031 1030 1.0
1031 1486 1.0
1031 151 1.0
1032 2053 1.0
1033 368 1.0
1034 1404 1.0
1035 1034 1.0
1035 1404 1.0
1036 1034 1.0
1037 366 1.0
1037 708 1.0
1038 2054 1.0
1038 2210 1.0
1038 2642 1.0
1038 2645 1.0
1039 2054 1.0
1039 518 1.0
1039 823 1.0
1040 202 1.0
1040 2132 1.0
1040 995 1.0
1040 46 1.0
1040 766 1.0
1041 2161 1.0
1041 299 1.0
1042 2070 1.0
1042 2457 1.0
1042 2458 1.0
1042 2686 1.0
1042 1704 1.0
1042 843 1.0
1044 245 1.0
1046 2055 1.0
1047 2056 1.0
1047 2083 1.0
1048 828 1.0
1050 2068 1.0
1050 2466 1.0
1050 1013 1.0
1050 1884 1.0
1051 2269 1.0
1052 2122 1.0
1052 1501 1.0
1053 2233 1.0
1053 498 1.0
1053 1 1.0
1053 1563 1.0
1053 1652 1.0
1053 747 1.0
1053 790 1.0
1054 2233 1.0
1055 546 1.0
1056 1472 1.0
1057 2073 1.0
1057 2202 1.0
1057 1026 1.0
1058 2412 1.0
1058 1089 1.0
1058 1233 1.0
1058 57 1.0
1058 817 1.0
1059 2114 1.0
1060 902 1.0
1061 1337 1.0
1062 2477 1.0
1063 696 1.0
1064 1241 1.0
1064 71 1.0
1065 2142 1.0
1066 2117 1.0
1066 2370 1.0
1066 2376 1.0
1066 2559 1.0
1066 351 1.0
1066 1641 1.0
1067 1000 1.0
1067 1698 1.0
1068 2115 1.0
1068 2502 1.0
1068 545 1.0
1069 1056 1.0
1069 1472 1.0
1069 1769 1.0
1070 1358 1.0
1070 1763 1.0
1071 2656 1.0
1071 166 1.0
1071 868 1.0
1072 2058 1.0
1072 2503 1.0
1072 1694 1.0
1073 2059 1.0
1073 2376 1.0
1074 2060 1.0
1074 2433 1.0
1076 2285 1.0
1077 1596 1.0
1078 2165 1.0
1079 2256 1.0
1081 1916 1.0
1082 2582 1.0
1082 1081 1.0
1082 1903 1.0
1083 1595 1.0
1083 1610 1.0
1084 2061 1.0
1084 371 1.0
1085 2448 1.0
1085 1478 1.0
1085 1532 1.0
1085 1533 1.0
1085 1535 1.0
1085 1536 1.0
1085 1537 1.0
1085 1539 1.0
1085 1733 1.0
1086 2123 1.0
1087 2105 1.0
1087 2530 1.0
1087 1088 1.0
1088 2105 1.0
1088 2530 1.0
1088 1087 1.0
1090 2273 1.0
1090 2429 1.0
1090 2431 1.0
1090 2432 1.0
1090 2522 1.0
1090 1003 1.0
1091 1448 1.0
1091 179 1.0
1093 1094 1.0
1094 1093 1.0
1094 1098 1.0
1095 2065 1.0
1096 2609 1.0
1096 2668 1.0
1096 1437 1.0
1096 1443 1.0
1097 2204 1.0
1098 1240 1.0
1099 137 1.0
1101 1481 1.0
1102 198 1.0
1103 2333 1.0
1104 2617 1.0
1104 1105 1.0
1104 1277 1.0
1105 2617 1.0
1105 1277 1.0
1106 1375 1.0
1106 1792 1.0
1108 2359 1.0
1108 779 1.0
1109 2678 1.0
1110 2066 1.0
1110 1111 1.0
1110 1837 1.0
1111 2066 1.0
1111 2546 1.0
1111 1110 1.0
1111 1840 1.0
1112 964 1.0
1112 538 1.0
1112 1508 1.0
1112 1524 1.0
1112 1525 1.0
1113 2067 1.0
1114 1484 1.0
1115 2235 1.0
1116 2071 1.0
1116 2214 1.0
1117 2072 1.0
1117 2262 1.0
1117 388 1.0
1120 2281 1.0
1121 827 1.0
1124 2496 1.0
1124 2690 1.0
1125 2496 1.0
1125 2690 1.0
1127 1774 1.0
1129 2074 1.0
1129 2552 1.0
1129 2577 1.0
1129 1868 1.0
1130 952 1.0
1132 1367 1.0
1132 1695 1.0
1133 1132 1.0
1133 1695 1.0
1134 2251 1.0
1134 2524 1.0
1134 1790 1.0
1135 638 1.0
1136 914 1.0
1136 2239 1.0
1136 1808 1.0
1136 1846 1.0
1138 937 1.0
1138 2673 1.0
1138 1244 1.0
1139 98 1.0
1140 2079 1.0
1141 2079 1.0
1141 1595 1.0
1142 1906 1.0
1142 945 1.0
1142 1193 1.0
1142 1552 1.0
1142 780 1.0
1143 2082 1.0
1143 738 1.0
1144 2082 1.0
1145 2083 1.0
1145 2318 1.0
1145 1047 1.0
1146 2269 1.0
1146 2623 1.0
1146 1051 1.0
1146 1468 1.0
1147 1051 1.0
1148 2486 1.0
1149 2085 1.0
1150 1151 1.0
1151 2241 1.0
1151 1433 1.0
1153 1196 1.0
1154 2478 1.0
1154 1196 1.0
1154 1765 1.0
1155 864 1.0
1156 1128 1.0
1156 1389 1.0
1157 2088 1.0
1158 2200 1.0
1158 2334 1.0
1158 1423 1.0
1159 2089 1.0
1160 1669 1.0
1161 2634 1.0
1161 1172 1.0
1161 1376 1.0
1161 516 1.0
1161 839 1.0
1162 2698 1.0
1162 1163 1.0
1162 1518 1.0
1162 1828 1.0
1163 2538 1.0
1164 2291 1.0
1166 2406 1.0
1166 2527 1.0
1167 1792 1.0
1168 1528 1.0
1168 1826 1.0
1168 1828 1.0
1169 1077 1.0
1170 2393 1.0
1171 2537 1.0
1171 1829 1.0
1172 2393 1.0
1172 2406 1.0
1172 1792 1.0
1172 1794 1.0
1174 2150 1.0
1174 1173 1.0
1174 1199 1.0
1175 1062 1.0
1175 1154 1.0
1177 1176 1.0
1177 1818 1.0
1180 1328 1.0
1181 2091 1.0
1181 2148 1.0
1182 2404 1.0
1182 2486 1.0
1182 1184 1.0
1182 1656 1.0
1183 2404 1.0
1183 2486 1.0
1183 1182 1.0
1183 1184 1.0
1183 1656 1.0
1184 2404 1.0
1185 2092 1.0
1185 112 1.0
1186 2093 1.0
1187 2093 1.0
1187 1188 1.0
1188 2093 1.0
1189 2319 1.0
1189 1440 1.0
1190 2361 1.0
1190 2395 1.0
1190 2704 1.0
1190 983 1.0
1190 1229 1.0
1190 470 1.0
1190 1546 1.0
1191 2297 1.0
1191 2395 1.0
1191 1229 1.0
1191 471 1.0
1192 1289 1.0
1193 1552 1.0
1194 2095 1.0
1195 2369 1.0
1195 326 1.0
1195 1427 1.0
1195 1616 1.0
1195 1790 1.0
1196 2299 1.0
1197 2553 1.0
1197 8 1.0
1199 1173 1.0
1200 2126 1.0
1200 2412 1.0
1200 2624 1.0
1200 57 1.0
1200 13 1.0
1201 2660 1.0
1201 760 1.0
1202 584 1.0
1204 1717 1.0
1205 2167 1.0
1205 1482 1.0
1206 1482 1.0
1207 2194 1.0
1207 2282 1.0
1207 2691 1.0
1207 2692 1.0
1207 1064 1.0
1207 1278 1.0
1207 547 1.0
1207 1715 1.0
1207 1782 1.0
1208 2181 1.0
1209 2518 1.0
1209 1578 1.0
1209 886 1.0
1210 2118 1.0
1210 2414 1.0
1210 2415 1.0
1210 1672 1.0
1210 1673 1.0
1210 1674 1.0
1210 1865 1.0
1210 1896 1.0
1212 738 1.0
1213 601 1.0
1215 2156 1.0
1215 649 1.0
1216 2100 1.0
1217 2195 1.0
1217 2337 1.0
1217 2400 1.0
1217 1200 1.0
1217 1329 1.0
1217 0 1.0
1217 524 1.0
1217 1553 1.0
1217 1562 1.0
1217 1642 1.0
1217 673 1.0
1217 802 1.0
1217 13 1.0
1218 2398 1.0
1218 1217 1.0
1218 1329 1.0
1218 0 1.0
1218 1619 1.0
1218 1649 1.0
1222 2102 1.0
1223 2102 1.0
1226 2279 1.0
1226 491 1.0
1227 1198 1.0
1229 471 1.0
1230 2197 1.0
1230 1391 1.0
1231 2197 1.0
1231 1391 1.0
1231 1821 1.0
1232 2107 1.0
1233 1089 1.0
1235 2108 1.0
1236 2614 1.0
1236 1020 1.0
1238 360 1.0
1239 2109 1.0
1240 231 1.0
1240 1098 1.0
1241 2110 1.0
1241 2333 1.0
1241 1290 1.0
1241 1551 1.0
1242 2179 1.0
1243 2342 1.0
1244 2673 1.0
1245 2116 1.0
1245 2274 1.0
1246 2150 1.0
1246 2367 1.0
1246 2374 1.0
1246 1617 1.0
1246 876 1.0
1247 2168 1.0
1248 1249 1.0
1251 958 1.0
1252 2425 1.0
1252 2507 1.0
1252 2517 1.0
1252 2528 1.0
1252 2584 1.0
1252 1209 1.0
1252 1253 1.0
1252 1265 1.0
1252 50 1.0
1252 1577 1.0
1252 1578 1.0
1252 1813 1.0
1252 1814 1.0
1252 1815 1.0
1252 1816 1.0
1252 1843 1.0
1252 1870 1.0
1252 886 1.0
1253 2481 1.0
1253 2507 1.0
1253 2554 1.0
1253 1843 1.0
1254 2650 1.0
1254 2678 1.0
1254 1064 1.0
1255 2306 1.0
1255 2336 1.0
1256 383 1.0
1257 2511 1.0
1257 1256 1.0
1257 383 1.0
1258 2120 1.0
1259 232 1.0
1259 1678 1.0
1261 1260 1.0
1261 1262 1.0
1261 1809 1.0
1262 2705 1.0
1262 1260 1.0
1262 1261 1.0
1262 659 1.0
1262 1809 1.0
1263 2705 1.0
1263 1260 1.0
1263 1261 1.0
1263 1262 1.0
1263 659 1.0
1267 2240 1.0
1267 52 1.0
1268 52 1.0
1269 2334 1.0
1270 2301 1.0
1271 872 1.0
1272 1414 1.0
1274 2503 1.0
1274 2505 1.0
1274 2561 1.0
1274 2691 1.0
1274 2692 1.0
1274 1470 1.0
1274 1485 1.0
1274 1785 1.0
1274 1787 1.0
1274 739 1.0
1275 2122 1.0
1275 582 1.0
1275 1500 1.0
1275 1766 1.0
1276 2123 1.0
1277 2617 1.0
1277 1105 1.0
1278 2125 1.0
1281 1490 1.0
1282 2276 1.0
1284 2129 1.0
1284 951 1.0
1286 2130 1.0
1286 668 1.0
1287 2131 1.0
1287 2266 1.0
1287 1603 1.0
1287 1634 1.0
1288 2131 1.0
1289 1789 1.0
1290 2333 1.0
1290 1551 1.0
1291 934 1.0
1292 2133 1.0
1293 1920 1.0
1293 1195 1.0
1294 1646 1.0
1296 367 1.0
1297 2399 1.0
1298 922 1.0
1298 1480 1.0
1299 481 1.0
1300 2550 1.0
1300 2587 1.0
1300 972 1.0
1301 2140 1.0
1302 1123 1.0
1304 2143 1.0
1305 2143 1.0
1305 2433 1.0
1306 2144 1.0
1307 2145 1.0
1308 2147 1.0
1309 931 1.0
1309 2191 1.0
1310 2149 1.0
1311 2149 1.0
1312 2149 1.0
1312 2578 1.0
1312 823 1.0
1313 2433 1.0
1313 1074 1.0
1314 2150 1.0
1315 2151 1.0
1315 2211 1.0
1315 1316 1.0
1316 2151 1.0
1317 2620 1.0
1317 2667 1.0
1318 2192 1.0
1318 1777 1.0
1318 149 1.0
1319 2649 1.0
1320 972 1.0
1320 1346 1.0
1320 1392 1.0
1321 827 1.0
1322 772 1.0
1323 2650 1.0
1323 736 1.0
1325 1208 1.0
1325 697 1.0
1326 2157 1.0
1326 2633 1.0
1328 1180 1.0
1329 1217 1.0
1330 2159 1.0
1332 1666 1.0
1332 1870 1.0
1333 1666 1.0
1334 2161 1.0
1335 2162 1.0
1336 2629 1.0
1336 2630 1.0
1336 968 1.0
1336 1402 1.0
1337 968 1.0
1337 1891 1.0
1338 2163 1.0
1340 1339 1.0
1342 2479 1.0
1342 1140 1.0
1344 2292 1.0
1344 2426 1.0
1344 2427 1.0
1344 1460 1.0
1344 1502 1.0
1344 1689 1.0
1344 1690 1.0
1344 1691 1.0
1344 1692 1.0
1344 1754 1.0
1345 2285 1.0
1346 1808 1.0
1347 1808 1.0
1348 1349 1.0
1348 1862 1.0
1349 2353 1.0
1349 2662 1.0
1349 1862 1.0
1350 2353 1.0
1350 2662 1.0
1350 1349 1.0
1350 1862 1.0
1351 2167 1.0
1351 348 1.0
1352 602 1.0
1353 1587 1.0
1354 1355 1.0
1356 2305 1.0
1357 348 1.0
1358 1763 1.0
1364 2521 1.0
1364 450 1.0
1364 1446 1.0
1364 147 1.0
1365 2622 1.0
1366 2447 1.0
1366 1393 1.0
1366 542 1.0
1366 1711 1.0
1367 1339 1.0
1367 1818 1.0
1368 2469 1.0
1368 1324 1.0
1374 530 1.0
1375 1106 1.0
1378 2270 1.0
1380 2573 1.0
1380 2581 1.0
1381 2634 1.0
1382 2187 1.0
1383 2189 1.0
1384 2190 1.0
1386 2280 1.0
1389 1156 1.0
1389 370 1.0
1390 1495 1.0
1390 885 1.0
1391 2197 1.0
1392 2198 1.0
1392 1346 1.0
1393 1711 1.0
1394 929 1.0
1396 1886 1.0
1396 1891 1.0
1397 763 1.0
1398 2203 1.0
1398 1789 1.0
1399 53 1.0
1401 1515 1.0
1402 2629 1.0
1402 1336 1.0
1403 1183 1.0
1405 1188 1.0
1409 2215 1.0
1410 1413 1.0
1410 796 1.0
1411 1413 1.0
1412 1413 1.0
1412 796 1.0
1415 2218 1.0
1417 166 1.0
1418 2225 1.0
1418 1842 1.0
1419 454 1.0
1420 2633 1.0
1421 1453 1.0
1422 2583 1.0
1422 1697 1.0
1422 1886 1.0
1424 2229 1.0
1425 2230 1.0
1426 2231 1.0
1427 2395 1.0
1428 730 1.0
1429 679 1.0
1430 2237 1.0
1431 1327 1.0
1433 2241 1.0
1434 997 1.0
1435 919 1.0
1435 920 1.0
1436 2484 1.0
1442 2421 1.0
1444 1443 1.0
1444 1797 1.0
1445 2542 1.0
1445 2679 1.0
1447 2251 1.0
1447 2539 1.0
1448 2252 1.0
1450 2254 1.0
1451 676 1.0
1452 2255 1.0
1452 724 1.0
1453 1421 1.0
1454 1005 1.0
1455 2694 1.0
1456 2641 1.0
1460 1298 1.0
1462 2268 1.0
1463 993 1.0
1465 1425 1.0
1467 2539 1.0
1467 607 1.0
1468 603 1.0
1469 1909 1.0
1469 2483 1.0
1469 2578 1.0
1469 686 1.0
1473 993 1.0
1474 1982 1.0
1475 2501 1.0
1475 1779 1.0
1476 1778 1.0
1478 1736 1.0
1479 2686 1.0
1479 149 1.0
1481 1379 1.0
1483 1363 1.0
1484 1114 1.0
1486 2283 1.0
1487 2287 1.0
1488 2288 1.0
1489 2288 1.0
1490 2288 1.0
1491 2288 1.0
1491 1616 1.0
1493 719 1.0
1494 2371 1.0
1494 951 1.0
1498 2370 1.0
1498 1641 1.0
1501 2470 1.0
1501 2657 1.0
1501 2689 1.0
1502 2470 1.0
1502 2657 1.0
1502 2689 1.0
1502 1575 1.0
1502 1746 1.0
1502 1747 1.0
1502 1750 1.0
1502 1753 1.0
1502 1754 1.0
1503 2657 1.0
1503 487 1.0
1503 1748 1.0
1506 2302 1.0
1509 2307 1.0
1509 1556 1.0
1509 1569 1.0
1509 1861 1.0
1510 2309 1.0
1511 2310 1.0
1512 2312 1.0
1513 2313 1.0
1513 1514 1.0
1513 1515 1.0
1514 1517 1.0
1515 2313 1.0
1516 2313 1.0
1517 2314 1.0
1518 1511 1.0
1519 2514 1.0
1519 1793 1.0
1520 2319 1.0
1520 2587 1.0
1521 1830 1.0
1522 2696 1.0
1522 1521 1.0
1522 1767 1.0
1522 1827 1.0
1523 2321 1.0
1524 1525 1.0
1525 1524 1.0
1526 1594 1.0
1528 1767 1.0
1528 1827 1.0
1529 1544 1.0
1529 843 1.0
1531 1704 1.0
1532 1085 1.0
1533 1534 1.0
1533 1745 1.0
1534 1533 1.0
1535 2448 1.0
1536 1533 1.0
1536 1534 1.0
1537 1536 1.0
1538 1536 1.0
1538 1537 1.0
1539 1085 1.0
1539 1532 1.0
1540 2326 1.0
1540 1533 1.0
1540 1543 1.0
1541 2327 1.0
1541 1540 1.0
1541 1543 1.0
1542 2328 1.0
1542 2458 1.0
1542 1543 1.0
1543 2329 1.0
1544 1529 1.0
1545 2330 1.0
1545 684 1.0
1546 2395 1.0
1546 470 1.0
1548 58 1.0
1548 1549 1.0
1549 58 1.0
1550 2332 1.0
1551 2333 1.0
1553 2400 1.0
1553 2665 1.0
1554 1810 1.0
1555 2397 1.0
1555 2552 1.0
1555 2579 1.0
1555 1129 1.0
1555 1868 1.0
1556 1509 1.0
1556 1569 1.0
1556 1861 1.0
1558 1639 1.0
1559 1571 1.0
1559 1865 1.0
1562 954 1.0
1562 1589 1.0
1562 1622 1.0
1562 1638 1.0
1562 1651 1.0
1562 1652 1.0
1562 712 1.0
1562 858 1.0
1563 2488 1.0
1563 2578 1.0
1565 2402 1.0
1566 2370 1.0
1566 1641 1.0
1567 2681 1.0
1567 1638 1.0
1568 2400 1.0
1568 1341 1.0
1568 1553 1.0
1569 2338 1.0
1570 1571 1.0
1571 2339 1.0
1572 2341 1.0
1572 669 1.0
1574 2492 1.0
1575 2342 1.0
1576 1579 1.0
1577 1579 1.0
1578 2507 1.0
1578 1265 1.0
1578 1815 1.0
1578 1816 1.0
1578 884 1.0
1579 1577 1.0
1580 1576 1.0
1580 1577 1.0
1582 2345 1.0
1582 2347 1.0
1582 2676 1.0
1582 2677 1.0
1582 1581 1.0
1582 1583 1.0
1584 2345 1.0
1584 2666 1.0
1584 1583 1.0
1585 2365 1.0
1585 2372 1.0
1587 1581 1.0
1587 1617 1.0
1587 1623 1.0
1587 1624 1.0
1588 1582 1.0
1589 2365 1.0
1589 2372 1.0
1589 1287 1.0
1589 1627 1.0
1589 1634 1.0
1590 2346 1.0
1591 2350 1.0
1591 2423 1.0
1592 2352 1.0
1593 2352 1.0
1594 1526 1.0
1596 1597 1.0
1598 2360 1.0
1598 1599 1.0
1599 2360 1.0
1600 2364 1.0
1601 2364 1.0
1602 1603 1.0
1602 1604 1.0
1603 1604 1.0
1604 1603 1.0
1605 2365 1.0
1605 2372 1.0
1605 1612 1.0
1606 2365 1.0
1606 2372 1.0
1607 2367 1.0
1608 2371 1.0
1610 1618 1.0
1611 2377 1.0
1611 1627 1.0
1611 1628 1.0
1613 1617 1.0
1614 1638 1.0
1615 1616 1.0
1617 2569 1.0
1617 1616 1.0
1620 830 1.0
1621 830 1.0
1622 2373 1.0
1623 1624 1.0
1624 1623 1.0
1628 2377 1.0
1628 2674 1.0
1629 2674 1.0
1629 1628 1.0
1631 2377 1.0
1632 2400 1.0
1632 1766 1.0
1633 2379 1.0
1635 2381 1.0
1636 2676 1.0
1636 2677 1.0
1645 2387 1.0
1645 2388 1.0
1645 2389 1.0
1648 2392 1.0
1649 2398 1.0
1651 1652 1.0
1651 747 1.0
1652 747 1.0
1654 2401 1.0
1654 2482 1.0
1655 2683 1.0
1656 2486 1.0
1656 1182 1.0
1657 2405 1.0
1658 1809 1.0
1659 2407 1.0
1660 2408 1.0
1661 2409 1.0
1662 2411 1.0
1662 2684 1.0
1662 1663 1.0
1662 1664 1.0
1663 2411 1.0
1663 1664 1.0
1664 2684 1.0
1665 1045 1.0
1665 1883 1.0
1666 1883 1.0
1667 1668 1.0
1669 2416 1.0
1669 1160 1.0
1670 1671 1.0
1672 1673 1.0
1672 1896 1.0
1675 2413 1.0
1676 1673 1.0
1677 2421 1.0
1678 2422 1.0
1679 1446 1.0
1679 1680 1.0
1681 1878 1.0
1682 550 1.0
1684 1685 1.0
1685 1684 1.0
1686 2424 1.0
1686 467 1.0
1686 551 1.0
1686 1681 1.0
1686 1682 1.0
1687 551 1.0
1687 1688 1.0
1687 1878 1.0
1688 2428 1.0
1689 1692 1.0
1690 1692 1.0
1691 2426 1.0
1696 1305 1.0
1697 2435 1.0
1697 2436 1.0
1698 2436 1.0
1698 1783 1.0
1698 1784 1.0
1699 2437 1.0
1700 2438 1.0
1700 2452 1.0
1700 295 1.0
1701 1733 1.0
1702 2440 1.0
1702 2450 1.0
1702 1720 1.0
1702 1721 1.0
1702 1725 1.0
1702 1740 1.0
1703 2441 1.0
1703 1727 1.0
1705 1702 1.0
1706 2442 1.0
1706 2450 1.0
1706 2459 1.0
1706 2461 1.0
1706 2465 1.0
1706 1703 1.0
1706 1713 1.0
1706 1714 1.0
1706 1732 1.0
1706 1737 1.0
1706 1740 1.0
1706 1742 1.0
1706 1743 1.0
1707 2443 1.0
1707 1708 1.0
1708 2443 1.0
1709 2444 1.0
1710 2445 1.0
1711 2447 1.0
1712 2450 1.0
1712 2451 1.0
1712 2460 1.0
1712 2461 1.0
1712 2464 1.0
1712 2465 1.0
1712 991 1.0
1712 295 1.0
1712 1706 1.0
1712 1713 1.0
1712 1714 1.0
1712 1720 1.0
1712 1726 1.0
1712 1729 1.0
1712 1738 1.0
1712 1740 1.0
1713 2461 1.0
1713 2464 1.0
1713 991 1.0
1713 295 1.0
1713 1712 1.0
1713 1720 1.0
1714 1712 1.0
1716 2686 1.0
1716 1715 1.0
1717 1719 1.0
1718 1717 1.0
1720 2450 1.0
1722 1731 1.0
1723 1731 1.0
1724 2451 1.0
1724 1729 1.0
1725 2452 1.0
1725 1721 1.0
1726 2452 1.0
1726 2462 1.0
1726 1727 1.0
1726 1728 1.0
1728 2462 1.0
1728 1727 1.0
1729 2459 1.0
1729 2460 1.0
1729 2464 1.0
1729 1714 1.0
1729 1738 1.0
1730 2456 1.0
1730 1731 1.0
1731 2687 1.0
1732 2459 1.0
1732 1742 1.0
1732 1743 1.0
1733 2457 1.0
1734 2457 1.0
1734 1733 1.0
1735 1731 1.0
1736 1738 1.0
1737 2459 1.0
1737 1728 1.0
1738 991 1.0
1740 150 1.0
1741 150 1.0
1742 1743 1.0
1743 1742 1.0
1744 2463 1.0
1746 2470 1.0
1746 2689 1.0
1746 1750 1.0
1749 2468 1.0
1749 2469 1.0
1749 2510 1.0
1749 1750 1.0
1750 2468 1.0
1750 1753 1.0
1751 2689 1.0
1754 1575 1.0
1755 2473 1.0
1755 1756 1.0
1756 2472 1.0
1756 2473 1.0
1756 1755 1.0
1756 1757 1.0
1757 2472 1.0
1757 1755 1.0
1758 1550 1.0
1759 2471 1.0
1760 2474 1.0
1761 2474 1.0
1761 976 1.0
1762 2474 1.0
1764 2477 1.0
1764 2480 1.0
1765 2478 1.0
1767 2537 1.0
1767 1171 1.0
1768 2531 1.0
1769 2487 1.0
1770 2489 1.0
1770 1771 1.0
1771 2489 1.0
1771 1770 1.0
1772 2493 1.0
1773 2494 1.0
1774 909 1.0
1775 2495 1.0
1777 2284 1.0
1778 1476 1.0
1779 2500 1.0
1780 2502 1.0
1780 2504 1.0
1780 2506 1.0
1780 2691 1.0
1780 2692 1.0
1781 2504 1.0
1782 110 1.0
1783 2504 1.0
1783 2691 1.0
1783 2692 1.0
1783 110 1.0
1783 1784 1.0
1784 2504 1.0
1784 2506 1.0
1784 110 1.0
1784 1783 1.0
1785 2508 1.0
1786 2508 1.0
1786 1785 1.0
1787 2508 1.0
1788 2513 1.0
1791 2513 1.0
1791 1788 1.0
1792 1794 1.0
1793 1794 1.0
1794 1792 1.0
1796 1795 1.0
1797 1443 1.0
1798 1444 1.0
1798 1797 1.0
1804 1330 1.0
1806 2520 1.0
1807 2521 1.0
1808 1346 1.0
1810 1554 1.0
1810 1812 1.0
1814 2528 1.0
1815 1265 1.0
1815 50 1.0
1815 1813 1.0
1815 1816 1.0
1819 2533 1.0
1820 2534 1.0
1823 2535 1.0
1824 1171 1.0
1825 2698 1.0
1825 2699 1.0
1825 1163 1.0
1825 1826 1.0
1825 1828 1.0
1826 1528 1.0
1826 1829 1.0
1827 2697 1.0
1827 2698 1.0
1827 1162 1.0
1827 1528 1.0
1827 1824 1.0
1831 2701 1.0
1832 2543 1.0
1832 1888 1.0
1833 2540 1.0
1834 2542 1.0
1835 1836 1.0
1838 2549 1.0
1838 1111 1.0
1839 1418 1.0
1839 1842 1.0
1840 1895 1.0
1841 2553 1.0
1841 2587 1.0
1841 2589 1.0
1842 1418 1.0
1843 2554 1.0
1844 2555 1.0
1845 2567 1.0
1845 2568 1.0
1845 1846 1.0
1845 1847 1.0
1845 1848 1.0
1845 1857 1.0
1846 1845 1.0
1846 1847 1.0
1846 1857 1.0
1847 1845 1.0
1847 1857 1.0
1848 1845 1.0
1849 2556 1.0
1850 2560 1.0
1852 2557 1.0
1852 2564 1.0
1852 2565 1.0
1853 2564 1.0
1853 2565 1.0
1854 2564 1.0
1854 2565 1.0
1854 2566 1.0
1855 2564 1.0
1855 2565 1.0
1855 2566 1.0
1855 1853 1.0
1857 2567 1.0
1858 2571 1.0
1861 1557 1.0
1863 2576 1.0
1864 1210 1.0
1865 1210 1.0
1866 1867 1.0
1869 2580 1.0
1870 2585 1.0
1871 328 1.0
1871 1873 1.0
1871 1876 1.0
1872 328 1.0
1872 1871 1.0
1872 1873 1.0
1872 1876 1.0
1873 328 1.0
1873 1876 1.0
1874 2586 1.0
1876 1874 1.0
1897 2707 1.0
