6334	3231
6334	444240
6334	46431
6334	68463
6343	1125992
6343	141868
6343	200480
6343	359067
6343	521252
6344	1112665
6344	200480
6346	1106103
6346	1112075
6378	1122425
6378	1129208
6378	28473
6385	1103162
6385	1129243
6385	17476
6385	28473
6385	55968
6385	6378
6385	682666
6385	892139
6539	1102646
6639	116084
6639	178209
6639	568045
6639	591017
6741	1130637
6741	1153160
6741	348437
6741	411092
6741	417017
6741	49895
6741	51909
6741	83725
6741	9708
6767	1106103
6767	1114864
6767	1120444
6767	235776
6767	6334
6767	6925
6767	69397
6771	65653
6775	1111240
6775	350319
6782	1123068
6782	463825
6784	100961
6784	1116629
6784	350319
6784	35797
6784	560936
6784	562123
6784	60170
6784	6775
6786	1106789
6786	714975
6814	1117348
6814	1125469
6814	158172
6814	293974
6814	300071
6814	315266
6814	37884
6814	390896
6814	445938
6818	1105531
6818	1121254
6818	1128425
6818	293974
6818	37884
6818	390896
6818	50336
6818	50337
6898	1123188
6898	124224
6898	12631
6898	431206
6898	6910
6898	78994
6910	1117219
6910	1123188
6910	1132083
6910	1152150
6910	1154103
6910	169279
6910	263553
6910	431206
6910	662416
6913	1105011
6913	1116336
6913	1131230
6913	1135108
6913	1152917
6913	1717
6913	428610
6913	431206
6913	4330
6913	703953
6917	1153811
6917	449841
6923	1155073
6923	187354
6923	20857
6923	308003
6923	6941
6923	93923
6925	1114526
6925	1118658
6925	372862
6925	57922
6925	57948
6935	1000012
6935	101660
6935	1106388
6935	1115670
6935	1120650
6935	18615
6935	238099
6935	308003
6939	1116922
6941	372862
7032	1109439
7032	1110438
7032	137873
7032	323128
7032	52847
7041	1120880
7047	1135082
7047	14549
7047	212930
7047	2663
7047	54844
7272	1136446
7272	7276
7272	7297
7272	763181
7276	763181
7296	763181
7297	7276
7297	763010
7297	763181
7419	1105764
7419	1107312
7419	1109581
7419	1113182
7419	1117760
7419	1118245
7419	341188
7430	1153287
7430	95586
7532	1121603
7532	1153097
7532	141171
7532	314459
7532	7537
7532	80515
7537	1113534
7537	1131348
7537	1153097
7537	141171
7537	314459
7537	409255
7537	7532
7867	1138027
7867	315789
8079	105057
8079	1103737
8079	1121867
8079	154982
8079	192850
8079	27250
8079	39124
8224	1108728
8224	1110426
8224	1111788
8224	1128531
8224	1132815
8224	11342
8224	1153148
8224	1153866
8224	133615
8224	22431
8224	22563
8224	23738
8224	263279
8224	30895
8224	368431
8224	49843
8224	49844
8224	49847
8224	55403
8224	601567
8224	62389
8224	6311
8224	65653
8224	6639
8224	97377
8581	1120059
8581	1132968
8581	2665
8581	75691
8581	75695
8591	1154525
8591	137956
8591	167205
8591	709113
8594	1132809
8594	1154525
8594	1213
8594	180187
8594	232605
8594	58268
8594	709113
8594	8591
8617	1116268
8617	12359
8617	175291
8617	36145
8617	52784
8619	175291
8619	36145
8687	1102751
8687	38000
8696	104840
8696	1102751
8699	104840
8699	1102751
8703	101145
8703	104840
8703	1102751
8703	1105428
8703	1119078
8703	173884
8703	27535
8703	308232
8703	353541
8703	434
8703	502574
8703	51866
8703	51909
8703	59244
8703	89335
8766	409725
8821	1102761
8821	1153811
8832	1102761
8865	103515
8865	1129570
8865	395075
8865	608292
8865	647408
8865	785678
8865	8875
8872	1104647
8872	1125092
8872	1152761
8872	1153860
8872	197054
8872	229635
8872	395075
8872	8875
8874	1120643
8874	1153816
8874	395075
8874	608292
8874	646809
8874	647447
8874	8875
8875	1129570
8875	1152676
8875	18582
8875	395075
8875	608292
8961	1103610
8961	1133390
9513	102879
9515	102879
9515	4804
9515	9513
9559	1102794
9559	252725
9581	1130780
9581	633585
9586	1120138
9586	33818
9708	1130539
9708	1153003
9708	136766
9708	136768
9708	181782
9716	1153262
9716	28674
9716	6539
10169	1107067
10169	1123867
10169	114189
10169	158614
10169	17798
10169	20850
10169	211875
10169	259126
10169	3231
10169	39126
10169	39131
10169	49660
10169	552469
10169	6334
10169	63477
10169	63486
10169	636098
10169	711598
10169	85452
10174	10186
10177	10169
10177	1112574
10177	12197
10177	12198
10177	12210
10177	124734
10177	15429
10177	164
10177	249858
10177	27606
10177	4804
10177	67415
10177	68495
10177	68505
10177	9515
10183	10186
10183	10430
10183	1108267
10183	1110947
10183	1114336
10183	1120713
10183	259772
10183	47570
10183	54550
10183	6378
10186	86840
10430	1120713
10430	3095
10435	1103394
10435	112378
10435	208345
10435	22566
10435	41417
10435	8703
10531	1102850
10531	1107567
10531	1129442
10531	1130634
10531	194617
10531	31336
10531	31349
10531	31353
10531	36620
10531	43698
10531	686532
10796	1110947
10796	1113934
10796	1135358
10796	1153148
10796	180373
10796	20942
10796	30895
10796	31097
10796	417017
10796	46536
10796	601567
10796	6217
10796	8699
10796	93320
10798	10183
10798	10796
10798	1154500
10798	18619
10798	20193
10798	212777
10798	252715
10798	434
10798	601561
10798	8703
10798	97892
10981	1102873
10981	23507
11093	39199
11148	1129835
11148	1131719
11148	193354
11148	25413
11326	11339
11335	1127657
11335	11325
11335	1153264
11335	20833
11335	217139
11335	35070
11335	49843
11335	545647
11335	582511
11337	1128256
11339	11326
11339	211432
11339	30901
11339	44017
11339	45061
11342	463825
11342	65650
11342	79809
12155	1126350
12158	12199
12158	148399
12165	1107567
12165	1112099
12169	1119471
12169	4637
12169	989397
12182	1059953
12182	1106418
12182	1117249
12182	1118764
12182	1153183
12182	12165
12182	12211
12182	155736
12182	157761
12182	219239
12182	28632
12182	28640
12182	28641
12182	309476
12182	321861
12182	429781
12182	4660
12182	5038
12182	65650
12182	94713
12194	27199
12195	1107319
12195	1107567
12195	1112099
12195	1131611
12195	1132285
12195	12165
12195	38722
12195	51180
12197	111866
12197	1119471
12197	68495
12198	1126350
12198	12158
12198	12199
12198	164
12198	27612
12198	95225
12199	1119471
12199	12247
12210	1112574
12210	12182
12210	4804
12210	57948
12210	6125
12210	67415
12210	77515
12211	12165
12238	101263
12238	1107567
12238	1112099
12238	12165
12247	1119471
12247	148399
12330	107569
12330	1120777
12330	1152490
12330	1153861
12330	156977
12330	213279
12330	395553
12330	400356
12330	949217
12337	1129683
12337	16451
12337	16470
12337	16474
12337	395725
12337	57764
12347	16451
12347	72101
12350	101811
12350	1104007
12350	1107319
12350	1131611
12350	12158
12350	12195
12350	12198
12350	12210
12350	152227
12350	157805
12350	16451
12350	20601
12350	20602
12350	27612
12350	4804
12350	6125
12350	6539
12350	67415
12350	68495
12359	1131634
12359	16451
12359	242637
12439	105057
12439	323128
12439	340078
12576	1071981
12576	1104999
12576	1105221
12576	1107674
12576	1129573
12576	127033
12576	135130
12576	229635
12576	28290
12576	416455
12576	56112
12576	56119
12576	56709
12576	574710
12576	575795
12576	62718
12576	63832
12576	83725
12576	8875
12631	1123188
12631	1152150
12631	1154103
12631	12638
12631	662416
12631	6898
12631	6910
12631	78994
12638	1123188
12638	119761
12638	263553
12638	4330
12638	662416
12638	6898
12638	6910
13024	899119
13136	1118083
13136	160705
13193	17208
13193	755217
13195	1107312
13195	1120731
13195	755217
13205	1105148
13205	13208
13208	1105148
13208	131318
13212	1105148
13212	131318
13212	13208
13212	170338
13212	214472
13212	358884
13212	411005
13213	1152143
13213	131318
13269	17476
13652	13654
13652	13656
13652	83746
13654	1115959
13654	119686
13654	83746
13654	987188
13656	1120431
13658	1115959
13658	1120431
13658	119686
13658	13656
13658	198443
13658	294239
13658	987188
13686	1107355
13686	1120431
13686	1272
13686	1385
13717	1110531
13717	37998
13717	38000
13885	1104379
13885	13917
13885	31043
13885	42847
13885	84459
13917	1120020
13966	13960
13972	1126050
13972	20534
13982	34979
14062	1119708
14062	1152358
14062	1152421
14062	1153280
14062	1154459
14062	141347
14062	33907
14062	44368
14062	646836
14062	97390
14062	98693
14083	1103016
14090	1103016
14090	643069
14428	1103031
14428	1103969
14428	14429
14428	14431
14428	34082
14428	73119
14429	1103031
14429	1103969
14429	1119216
14429	14431
14429	34082
14429	73119
14430	1103031
14430	1103969
14430	1119216
14430	14429
14430	14431
14430	34082
14430	73119
14431	1103031
14529	1103038
14529	1114864
14529	1119987
14529	239829
14531	1103038
14531	1105932
14531	1152308
14531	56167
14531	592830
14531	60682
14545	1103038
14545	14549
14549	1103038
14549	592830
14807	1111240
14807	264347
15076	25702
15076	708945
15429	10169
15429	10177
15429	1104007
15429	1107572
15429	1114526
15429	1153160
15429	12197
15429	12350
15429	175576
15429	210309
15429	217115
15429	219239
15429	35854
15429	41666
15429	57948
15429	77515
15429	89547
15429	9513
15429	9515
15431	35854
15670	12558
15889	1110024
15889	1118388
15889	1152564
15889	1153891
15889	15892
15889	175909
15889	221302
15892	1116146
15892	1118388
15984	158098
15984	189577
15984	308920
15984	714975
15987	1127530
15987	158098
15987	3192
15987	523394
15987	653441
15987	714289
16008	1105531
16008	1131165
16008	158098
16008	189571
16008	189572
16008	189577
16008	308920
16008	3191
16008	3192
16008	523394
16008	642827
16437	152219
16437	16470
16437	16474
16437	395725
16437	430329
16437	51831
16451	118436
16461	1105603
16470	1129621
16471	1104787
16471	1114992
16471	1126044
16471	16474
16471	273949
16474	16471
16476	1123087
16476	1129621
16476	12359
16476	16474
16485	105856
16485	1104787
16485	1105603
16485	1109891
16485	1120049
16485	1123087
16485	12347
16485	286500
16819	1131167
16819	1131236
16819	1131274
16819	1131312
16819	126793
16819	643003
16819	643069
16819	643221
16819	644093
16819	644334
16819	646195
16819	646286
16843	1152259
16843	1152991
16843	643069
17201	1107140
17201	1118245
17201	1126012
17201	17208
17201	184157
17201	32872
17201	95435
17208	1152633
17208	1153262
17208	184157
17208	32872
17208	95435
17242	1115291
17242	280876
17363	444191
17476	1103162
17476	1105033
17476	1122425
17476	1129208
17476	170338
17476	28456
17476	33013
17476	682666
17476	892139
17477	1103162
17488	1103162
17798	1119987
17798	1152308
17798	3231
17798	323128
17798	39131
17798	56167
17811	1107136
17811	63486
17821	245955
18251	1106052
18313	249421
18532	86923
18536	1106854
18536	424540
18536	86923
18615	1000012
18615	4660
18615	582343
18619	1153091
18619	18615
18619	4660
18770	28964
18770	531348
18770	531351
18773	167656
18773	88356
18774	73146
18777	103537
18777	1112686
18777	116790
18777	173863
18777	18774
18777	33013
18777	345340
18777	445938
18777	510718
18777	66794
18777	73146
18777	79817
18777	94713
18781	1108175
18781	18785
18781	86840
18811	1106401
18811	1112686
18811	20920
18812	20920
18812	510715
18815	1104449
18815	20920
18832	1122425
18832	18833
18832	682666
18832	81350
18834	1152740
18834	1152944
18834	18833
19045	593210
19045	593328
19045	593329
19045	87363
19231	1107572
19231	1153736
19231	12960
19231	18619
19231	30934
19231	686061
19621	1106287
19621	1114153
19621	1114442
19621	1126044
19621	1128846
19621	1131464
19621	1135082
19621	1135137
19621	123825
19621	184918
19621	23448
19621	240791
19621	330148
19621	42847
19621	49482
19621	6184
19621	62347
19621	628888
19621	631052
19621	649730
19621	649739
19621	66990
19621	684372
19621	7276
19621	7297
19621	763009
19621	83826
19621	853116
19621	948147
19621	948299
19621	950052
19697	131318
19697	239800
19697	32698
19697	40124
19697	95718
20178	38829
20178	64271
20178	91853
20179	20178
20179	91852
20179	91853
20179	95188
20180	91853
20180	943
20193	1108597
20193	1114777
20193	1116397
20193	1116839
20193	1119180
20193	112813
20193	1130653
20193	1130657
20193	1138091
20193	1152244
20193	1153877
20193	1153879
20193	1153889
20193	144330
20193	3085
20193	30973
20193	395725
20193	5062
20193	566488
20193	566653
20193	566664
20193	91853
20526	1103315
20526	1118092
20528	1103315
20528	1103676
20528	1107067
20534	1103315
20534	1106966
20534	1107455
20534	1111052
20534	23774
20534	70442
20534	7419
20584	1106849
20584	1111788
20584	1118823
20584	20592
20584	20593
20584	235776
20584	389715
20584	6311
20592	20593
20601	1108167
20601	1118209
20601	1121537
20601	12158
20601	12199
20601	12247
20601	124734
20601	20602
20601	25805
20601	42207
20601	95225
20602	1108167
20602	1121537
20602	12155
20602	12158
20602	12199
20602	12247
20602	20601
20602	42207
20602	95225
20821	1127851
20821	372862
20857	1127863
20857	1155073
20923	1115701
20923	1116530
20923	20924
20923	289885
20923	294030
20924	1108267
20924	1113934
20924	1115701
20924	289885
20924	294030
20924	521207
20972	1116181
22229	1103383
22229	1107418
22229	1112911
22229	1128369
22229	144701
22229	190697
22229	22241
22229	243483
22229	459216
22229	593105
22229	595193
22241	1103383
22241	1107418
22241	1128369
22241	595193
22386	1107010
22386	1128407
22386	207395
22386	310530
22386	38839
22386	38845
22386	38846
22386	3932
22431	1110426
22431	144330
22431	49843
22431	49844
22431	49847
22431	6639
22563	10435
22563	107251
22563	107252
22563	1103394
22563	1120962
22563	1121459
22563	1123926
22563	12439
22563	13686
22563	1786
22563	22564
22563	22566
22563	3220
22563	36140
22563	389715
22563	63915
22563	6767
22563	6771
22563	94229
22564	10435
22564	1103394
22564	22566
22566	10435
22566	1103394
22835	1110563
22835	39904
22869	22876
22874	22876
22875	1110947
22875	1113934
22875	22876
22883	22876
22886	1107367
22886	1120444
22886	28447
23069	23070
23069	74700
23070	1116044
23070	134307
23070	134316
23070	74698
23070	87915
23116	1105433
23116	1111978
23116	40124
23116	41666
23116	576257
23258	1106052
23258	168410
23258	18251
23502	184918
23502	23507
23507	1109392
23507	13717
23507	152731
23507	217852
23507	23502
23507	649731
23507	93320
23546	27230
23738	101662
23738	101811
23738	1118764
23738	11325
23738	11342
23738	1153064
23738	1153148
23738	189574
23738	22563
23738	27249
23738	27250
23738	411092
23738	65650
23738	73146
23738	84020
23774	1106406
23774	1107455
23774	7432
24043	1111265
24043	15076
24043	928873
24476	1103499
24476	1106546
24476	1153024
24530	1109581
24966	1104449
24966	1105344
24966	1105433
24966	1106370
24966	1106671
24966	1123576
24966	1131149
24966	1131267
24966	1152194
24966	1154042
24966	124828
24966	131042
24966	131318
24966	145134
24966	145176
24966	19697
24966	197452
24966	202639
24966	23116
24966	239800
24966	27627
24966	40124
24966	63549
24966	641976
24966	65212
24966	671293
24966	79809
24966	92065
24966	95719
24974	1104258
24974	1112723
24974	131042
24974	34315
24974	40125
24974	6771
25181	1152277
25181	1152673
25181	1154251
25181	25184
25181	27174
25181	96335
25184	285675
25184	385572
25702	1108834
25702	1118848
25702	1136397
25702	1153897
25702	147870
25702	202639
25702	675649
25702	910
25772	1104769
25772	1105932
25772	1122580
25772	1126503
25772	1997
25772	641956
25791	28202
25791	45212
25794	582343
25805	1108167
25805	1110028
25805	1121063
25805	385251
26850	1114605
27174	180373
27174	25184
27174	35343
27174	96335
27199	148399
27199	248119
27203	1106418
27203	1118209
27203	148399
27230	23545
27241	1106492
27241	1116268
27243	1104851
27243	59045
27246	1110390
27249	368431
27249	8079
27510	1110998
27510	1128990
27510	1152143
27510	188318
27514	1152143
27530	1106630
27530	1128542
27530	27531
27530	592826
27530	66594
27531	1106370
27531	763009
27535	1112026
27535	13686
27535	173884
27535	308232
27535	34961
27543	1106630
27543	1135125
27543	27531
27606	111866
27606	124734
27606	249858
27612	1118209
27612	12198
27623	105899
27623	1104182
27623	1126029
27623	27632
27623	28254
27623	686015
27623	686030
27623	686061
27623	75674
27627	105899
27627	116021
27627	18619
27627	23116
27627	27632
27627	28254
27627	686015
27627	686030
27627	686061
27631	20528
27631	28254
27631	55968
27632	28254
27895	105057
27895	1103676
27895	1122580
27895	112378
27895	1132706
27895	1786
27895	23738
28026	5064
28026	5069
28202	1114629
28202	1128267
28202	325497
28227	20526
28227	6169
28230	1108267
28230	1123756
28249	1116347
28249	1129096
28249	628668
28254	105899
28254	1118092
28254	686015
28254	686061
28265	1152436
28265	943
28267	1152896
28278	1107312
28287	1106547
28287	1107355
28287	128540
28287	1385
28287	308529
28287	387795
28287	567005
28287	56709
28290	1104999
28290	1107674
28290	28287
28290	308529
28290	56709
28290	63832
28336	108047
28350	1109957
28350	1113459
28350	1129243
28350	13193
28350	241133
28350	28227
28350	341188
28350	6210
28350	6220
28350	628667
28350	628668
28350	95579
28359	35863
28385	1106112
28385	1125895
28385	118558
28387	1107312
28389	353541
28412	1128430
28412	27631
28412	6217
28412	6220
28447	1107367
28447	1120444
28447	194645
28471	91975
28485	168410
28485	23258
28487	1153056
28487	128
28487	206259
28487	8213
28487	95586
28489	13193
28489	6210
28491	1152910
28491	153598
28491	341188
28491	782486
28504	1139928
28504	1153287
28504	131315
28504	365294
28504	7430
28504	95589
28542	124064
28542	206259
28632	32260
28640	1059953
28640	28641
28649	12182
28649	155736
28649	155738
28851	54131
28851	578669
28851	595157
28957	103537
28957	1105531
28957	159897
28957	189577
28957	28964
28957	35922
28957	66794
28957	88356
28957	94713
28964	1125402
28964	1125944
29492	1112426
29492	1122574
29492	131117
29492	144408
29492	152219
29492	29708
29492	3229
29492	400473
29708	131315
29723	131315
29723	300071
29723	35905
29723	6818
29738	155277
30817	1120211
30817	3229
30817	631052
30817	75691
30895	1152277
30895	1152673
30895	1154251
30895	144679
30895	30901
30934	12960
31055	1106630
31083	1123068
31083	48066
31105	1105672
31105	175291
31336	1129442
31336	31349
31336	686532
31349	686532
31353	10531
31353	1063773
31353	1107567
31353	1123576
31353	1124844
31353	1129442
