31353	1129608
31353	1135746
31353	1152162
31353	1152272
31353	1152904
31353	194617
31353	286562
31353	31336
31353	31349
31353	31927
31353	43698
31353	686532
31353	686559
31479	1115701
31479	114189
31479	14549
31479	20592
31479	289885
31479	294030
31479	39165
31483	1131137
31483	118682
31483	39126
31483	39165
31489	1130780
31489	1152150
31489	227286
31489	40583
31489	40605
31489	632796
31489	632874
31489	632935
31489	633585
31489	633721
31489	9581
31769	67245
31769	67246
31863	358894
31863	91581
31927	1124844
31927	1129572
31927	194617
31927	31932
31932	194617
32083	1113995
32083	1120962
32083	1153933
32083	200630
32083	31769
32083	346292
32083	35061
32083	45605
32083	6771
32083	688361
32260	62274
32260	94713
32276	15076
32276	174418
32276	39199
32276	636500
32276	636511
32276	84695
32688	1717
32688	69418
32698	95719
32872	1118245
33231	1105531
33231	1121254
33231	1132887
33231	158172
33231	293974
33231	300071
33231	315266
33231	445938
33301	1022969
33301	33303
33325	1110256
33325	12960
33325	429781
33412	124296
33412	211875
33412	34708
33818	1120138
33818	1123087
33818	78549
33818	78552
33818	78557
33823	1119004
33823	33818
33823	78549
33823	78552
33823	78557
33895	1103960
33895	1153577
33895	1154176
33895	33904
33895	593813
33895	82087
33904	1103960
33904	1110546
33907	1103960
33907	1134022
33907	1136814
33907	593091
33907	593813
34082	1103969
34082	1119216
34257	1106771
34257	1111186
34257	1114398
34257	1115456
34257	1116974
34257	1122642
34257	1153003
34257	192870
34257	34263
34257	34266
34257	368605
34257	87482
34257	90655
34263	1122642
34263	87482
34263	90655
34266	1122642
34266	34263
34266	90655
34315	1103979
34315	40125
34355	1103979
34708	102406
34708	120039
34708	211432
34961	22883
34961	31043
34979	1104007
34979	1106418
34979	13982
35061	1113438
35061	1152761
35061	1153860
35061	144701
35061	210871
35061	22229
35061	240791
35061	263498
35061	45605
35061	48766
35061	503871
35061	682815
35335	168958
35335	35343
35335	59772
35343	1118332
35490	1104031
35490	1116410
35490	64271
35490	95188
35778	108962
35778	108983
35778	1108389
35778	1125469
35778	1919
35778	519318
35778	73146
35797	100961
35797	1050679
35797	1110998
35797	1116629
35797	1128974
35797	188318
35797	399370
35797	60169
35797	60170
35797	627024
35852	1035
35852	1113438
35852	41732
35852	486840
35863	134060
35863	20972
35863	28359
35905	1152162
35905	1152272
35905	1152904
35905	29723
35922	1105116
35922	1140547
35922	1152162
35922	1152272
35922	1152904
35922	194223
35922	390894
35922	390896
35922	390922
35922	396412
35922	50336
35922	50337
35922	66982
36131	1152633
36131	17208
36131	77438
36140	105057
36140	1104055
36140	112378
36140	12439
36140	22563
36140	27249
36140	323128
36140	350373
36140	35797
36140	46500
36140	57764
36140	63915
36145	1104055
36145	1105672
36145	1116268
36145	272720
36145	52784
36162	1132815
36162	1152307
36162	1152448
36162	1152975
36162	1153703
36162	197452
36162	20528
36167	20528
36620	1128430
36620	120039
36620	189620
36802	1108389
36802	130
36802	189856
36802	37888
36802	589923
36802	590022
37483	1130539
37483	217852
37483	2440
37483	5959
37483	63931
37541	1119140
37541	260979
37879	1105116
37884	300071
37888	1108389
37888	1125469
37888	1152633
37888	293974
37888	77438
38205	108047
38205	1128997
38205	1129610
38205	1153942
38205	117316
38205	592975
38205	592986
38205	593060
38205	595056
38205	606647
38205	61069
38480	1104182
38537	1131270
38537	1131277
38537	137868
38537	153063
38537	642847
38537	646195
38722	1106172
38722	1135746
38722	5038
38722	51180
38722	65650
38722	81350
38771	1104191
38829	1107010
38829	1116397
38829	1152244
38839	310530
38845	1107010
38845	1110579
38846	1128407
38846	38845
39126	1107067
39126	88356
39127	1105932
39127	1128881
39127	1128927
39127	1128935
39127	116081
39127	116084
39127	116087
39127	195150
39127	277263
39127	3231
39127	46476
39127	49660
39127	52835
39127	592826
39127	592830
39127	75972
39130	346243
39130	36620
39130	39131
39130	521252
39131	1106330
39131	1131728
39131	3231
39131	6334
39165	1131137
39165	118682
39165	39126
39199	39210
39199	66982
39199	66990
39210	66982
39210	66986
39403	130
39474	1694
39890	1123689
39890	1154229
39890	1154232
39890	1154233
39890	149669
39890	162664
39890	189571
39890	242663
39890	294030
39890	3191
39890	51045
39890	521855
39890	523394
39890	559804
39890	653441
39890	714256
39890	714289
39890	714975
40124	1104258
40124	1112723
40125	1104258
40131	118079
40135	118079
40135	13686
40151	1104261
40151	1132418
40151	1152307
40151	1152448
40151	1152975
40151	1153703
40151	288
40151	49660
40151	671293
40605	40583
40605	633721
40605	884094
40886	1121459
40886	112378
40886	1131728
40886	141868
40886	145215
40886	429805
40886	654177
41216	1104300
41417	1108329
41417	1113551
41417	128383
41666	943087
41714	1033
41714	1110515
41714	144212
41714	182094
41714	190697
41714	190706
41714	197054
41714	44455
41714	568857
41714	594047
41714	61069
42156	1116594
42156	1118120
42156	1152179
42156	340299
42207	219239
42209	27199
42221	248119
42221	27199
42221	42209
42221	57948
42221	989397
42847	1104379
42848	1104379
42848	1116835
43165	1131195
43186	1135894
43186	152731
43186	16461
43639	469504
43639	99025
43698	1129442
43698	31349
43698	686532
44017	1106492
44017	206524
44017	48075
44121	1104435
44368	1128227
44455	1128985
44455	128540
44455	227178
44455	387795
44455	41714
44455	568857
44514	210871
44514	253971
44514	606479
45052	1131266
45052	27250
45188	1130929
45188	192734
45188	350362
45188	45189
45188	976284
45189	1105450
45189	1106401
45189	1132385
45189	192734
45189	192850
45189	272720
45189	45188
45189	976284
45212	1105764
45212	120013
45533	1104495
45533	1106771
45533	1115456
45533	1116974
45533	34266
45533	87482
45603	1104647
45603	1125092
45605	1033
45605	1035
45605	1131639
45605	144212
45605	190706
45605	240791
45605	503871
45605	682815
45605	975567
46079	1152569
46079	69284
46452	1153091
46452	582343
46468	27249
46470	1105450
46491	107251
46491	107252
46491	1105672
46491	1118823
46491	1120169
46491	1152290
46491	137380
46491	308232
46491	37541
46491	389715
46491	46547
46491	51834
46500	57764
46501	1153275
46501	57764
46547	107251
46547	1118823
46547	1786
46547	389715
46887	1111788
46887	1153106
46887	235776
46887	45212
46887	6311
47570	385067
47682	1125393
47682	47683
47682	47684
47839	1124837
48550	133563
48550	227286
48555	133563
48555	48550
48764	1104647
48764	1125092
48766	1104647
48766	595056
48768	1104647
48781	1120643
48781	1134865
48781	397488
48781	423816
49482	1112369
49482	217984
49482	631052
49482	7297
49660	3237
49660	66594
49720	49753
49753	49720
49811	3233
49811	463825
49843	1106388
49843	49844
49843	49847
49844	1127851
49847	49844
50336	13269
50336	35922
50336	390894
50336	50337
50336	683355
50337	13269
50337	390894
50337	396412
50354	123556
50354	14807
50354	289088
50381	62274
50807	1104749
50838	1126503
50838	25794
50980	73972
51045	242663
51049	1134320
51049	1154232
51049	242663
51049	39890
51049	51045
51052	242663
51052	51045
51180	1107319
51180	12195
51180	12350
51180	50381
51866	1119078
51866	22883
51866	27535
51866	34961
51879	1114664
51879	22883
51879	51866
51879	51909
51909	1105428
51909	173884
51909	502574
51934	14545
52000	1104809
52000	52007
52003	1104809
52003	1112194
52003	52000
52007	1104809
52515	300806
52515	39199
52515	446271
52784	1104851
52835	1115471
52847	1131471
52847	1153811
53942	1117184
53942	56167
54129	108047
54129	1128291
54129	1128319
54129	1136791
54129	117315
54129	117316
54129	17477
54129	28336
54129	578645
54129	578646
54129	578649
54129	578780
54129	593022
54129	594543
54131	1128982
54131	1153897
54131	141324
54131	243483
54131	459213
54131	459214
54131	578780
54131	593859
54131	593942
54131	59715
54131	66563
54132	1117476
54132	1128985
54132	578780
54132	579008
54132	593921
54132	594387
54132	59715
54132	62634
54550	5600
54844	1104946
55403	1128531
55770	1114777
55770	208345
55770	521207
55801	208345
55968	892139
56112	1104999
56112	1107674
56112	127033
56112	56115
56112	56119
56112	63832
56112	83725
56115	1104999
56115	1107674
56115	1129573
56115	127033
56115	135130
56115	56119
56115	62718
56115	63486
56115	63832
56115	69284
56119	1104999
56119	1105221
56119	127033
56119	63832
56167	1117184
56167	1119178
56167	1152308
56167	239810
56167	359067
56708	28287
56708	308529
56708	56709
56709	1128959
56709	18834
56709	28287
56709	308529
56709	416455
57119	1129570
57119	1132731
57119	1152676
57119	1153942
57119	28456
57119	592975
57119	592986
57119	593060
57119	595056
57119	606647
57119	647408
57764	711527
57773	1154524
57773	235670
57922	1118658
57922	57948
57932	6925
57948	1114526
57948	1118658
57948	57922
58268	13024
58268	137956
58268	899119
58436	1114239
58436	87417
58453	87417
58454	144679
58454	87417
58540	181782
58552	1113828
58552	248395
58758	1128204
58758	1128208
58758	1688
58758	33895
58758	576973
58758	69284
59045	1121867
59626	102406
59626	124734
59626	217115
59626	249858
59626	6125
59715	96845
59772	35335
59798	1152277
59798	1152673
59798	1154251
59798	180373
59798	25181
59798	27174
59798	30895
59798	96335
60159	399370
60159	60169
60169	399370
60170	399370
60682	63477
61069	1107062
61069	1129610
61069	1153816
61069	28456
61069	975567
61073	975567
61312	1105231
61417	1106764
61417	212777
61417	94416
62274	32260
62274	50381
62274	94713
62329	1131565
62329	195792
62329	251756
62329	593155
62329	650834
62347	62333
62389	1107325
62417	1107558
62417	41216
62607	294145
62634	243483
62676	14083
62676	312409
62718	127033
63486	509379
63486	83461
63486	96845
63549	1105344
63812	1105360
63812	1121057
63812	1125393
63835	1110531
63835	95586
63915	145215
63915	38000
63915	6935
63915	6939
63931	1117786
63931	136766
63931	136768
63931	13717
63931	6939
64271	1152244
64271	38829
64271	73327
64271	91852
64271	95188
64319	111866
64319	249858
64484	1105394
64519	154134
64519	37483
64519	63835
65057	1125909
65057	134307
65057	519353
65057	74698
65074	1110209
65074	1117920
65074	134307
65074	134316
65074	142268
65074	23070
65074	65057
65074	714748
65074	74698
65074	87915
65212	1105433
65212	1154042
65212	23116
65650	1105450
65650	1118764
65650	309476
65650	5038
65653	1105450
65653	1112319
66556	1129778
66556	141324
66556	54131
66556	593859
66556	66563
66563	1123530
66563	96845
66564	141324
66564	593859
66564	593942
66564	66563
66594	8821
66596	362926
66596	8821
66751	1135750
66751	1138043
66751	573535
66751	693143
66751	695284
66782	1105505
66782	51834
66794	1102646
66794	1105505
66794	1153031
66805	509315
66805	82090
66809	82090
66982	39210
66986	39210
66990	1117501
66990	1152490
66990	1153861
66990	390889
66990	39210
67245	31769
67245	67246
67246	31769
67292	1105530
67415	1110256
67415	1135746
67415	12195
67415	164
67415	171954
67415	38722
67415	51180
67584	1127558
67584	1127566
67584	562067
67633	1114777
67633	55801
68115	47684
68224	1105574
68224	1128425
68224	1130680
68224	582139
69198	231198
69198	411005
69198	8581
69284	206371
69284	69296
69296	206371
69392	1132461
70281	1105672
70281	1106630
70442	1107215
70442	70441
70444	1107215
70444	1108329
70444	128383
70444	70441
70444	70442
70520	27631
70520	36167
70970	1129683
70970	593068
70970	593329
71336	1105718
71736	1152259
71736	1152991
71904	239800
71904	95718
72056	1135122
72101	1118347
72406	1105764
72805	899085
72908	1127863
72908	6923
72908	93923
72908	954315
73119	14429
73119	14431
73146	1108389
73146	116790
73146	18774
73146	35778
73162	1134320
73162	1134348
73162	189774
73162	519353
73162	521855
73162	559804
73162	653441
73162	714260
73162	714748
73162	714879
73323	1105810
73323	28447
73327	1105810
73327	1106236
73327	1153166
73327	1153724
73327	1153728
73712	1112194
73712	52003
73972	50980
74427	1106771
74427	1116974
74427	34257
74427	34266
74427	368605
74427	87482
74698	134307
74698	23070
74700	134307
74700	23069
74749	10186
74749	1113852
74749	2354
74821	1120252
74821	1131149
74821	1131150
74920	1105877
74921	1105877
74937	1105877
74937	74920
74937	74921
74975	1107041
74975	1128407
74975	38845
74975	38846
74975	3932
75121	1105887
75121	1106388
75121	22431
75121	417017
75318	103430
75318	1121569
75318	141171
75674	1109957
75674	686015
75693	214472
75694	214472
75695	1113035
75695	1120059
75695	139547
75695	911198
75969	1105932
75969	1128856
75969	1128935
75969	1153811
75969	591017
75969	592830
75972	1105932
75972	1128935
75972	592830
75983	1106568
75983	1115790
77108	1138043
77108	77112
77438	106590
77438	1129994
77438	1152633
77438	1153262
77438	158172
77438	293974
77438	37888
77438	589923
77438	590022
77515	9513
77758	1129907
77758	1131745
77758	180373
77758	25772
77758	289885
77758	294030
77758	424
77758	613409
77758	910
77826	3112
77826	470511
77829	3112
77829	470511
78508	1120138
78511	575402
78511	735303
78511	9586
78552	33818
78552	78511
78552	78557
78552	9586
78555	1120138
78555	33818
78555	78557
78557	1120138
78557	33818
78557	78511
78557	78549
78557	9586
78994	662279
78994	662572
79809	1121659
79809	1131466
79809	11342
79809	1153275
79809	31863
79809	358866
79809	79817
79809	91581
79817	1131466
80491	314459
80491	7532
80491	80515
80515	1121603
80515	314459
80656	13652
80656	13654
80656	13656
81350	1106172
81350	892139
81714	81722
82090	82087
82098	82087
82664	1106236
82664	3097
82666	101143
82666	1106236
82666	3097
82920	1119708
82920	1125492
82920	1127913
82920	1128198
82920	1129367
82920	1129683
82920	1152358
82920	1152421
82920	1153280
82920	1153943
82920	1154459
82920	259702
82920	273152
82920	307015
82920	35
82920	513189
82920	573978
82920	576691
82920	608326
82920	70970
82920	81714
82920	84021
82920	98698
83449	218682
83449	22869
83449	22874
83461	954315
83725	12576
83725	56112
83725	56115
83725	56119
83725	62718
83746	294239
83826	1106287
83847	1106287
83847	1117501
83847	1130678
83847	66986
84020	1106298
84020	1106492
84021	1106298
84021	1133047
84021	18582
84021	263279
84021	415693
84021	509233
84021	98698
85299	23258
85299	299197
85299	575292
85324	299197
85324	628751
85352	1114331
85352	1127430
85352	1129027
85352	1152421
85352	1153280
85352	1153943
85352	1154459
85352	152483
85352	561238
85352	574462
85352	576691
85352	577086
85352	593091
85352	640617
85352	66556
85352	682815
85449	1120169
85449	1152290
85452	1120169
85452	1152290
85688	6539
85688	75121
85688	8224
85688	8703
85688	97892
86258	1106418
86359	1133469
86359	1152740
86359	1152944
86359	18834
86923	1114184
86923	18532
87363	593328
87417	1128453
87417	289779
87417	289780
87417	289781
87417	801170
87482	34266
87915	1110209
87915	1153786
87915	142268
87915	23070
89308	101145
89308	103528
89335	59244
89416	1106546
89416	1153024
89416	137130
89416	506
89416	65074
89547	1112319
89547	1116328
89547	1132385
89547	1152379
89547	237376
89547	28471
89547	45188
89547	45189
89547	66805
89547	6771
89547	91975
89547	976284
90470	106590
90470	1129994
90655	1122642
90655	34263
90888	1113934
90888	13885
90888	340075
91038	52515
91581	31863
91581	358894
91852	20178
91853	1110579
91853	1116397
91853	1116410
91853	20178
91975	1113459
92065	1106671
92589	1131137
92589	173884
92589	39165
93273	248119
93273	989397
93318	1126050
93555	1152958
93555	119761
93555	143801
93555	284023
93555	284025
93755	175576
93923	6941
94229	1111733
94229	1123087
94416	1106764
94639	141324
94639	593105
94639	593813
94639	593859
94639	593942
94639	62634
94641	1102550
94641	1129018
94641	1153897
94641	116553
94641	594387
94641	62634
95188	1110579
95188	1116410
95198	1110579
95225	42207
95586	95589
95588	95579
95594	1153287
95594	7430
95594	95589
95597	95579
95642	1107367
95642	28447
95642	990075
95718	32698
95719	32698
96847	594025
96851	594387
96851	96847
97377	211432
97377	3240
97377	39130
97390	100935
97390	1152358
97390	1153943
97390	33907
97390	98693
97645	33907
97645	593091
98693	1152358
98693	575331
98698	84021
99023	578306
99023	578309
99023	578347
99030	578337
100197	193931
100197	447250
100197	688361
100701	1107041
100935	1120643
100935	1134865
100961	60169
101143	101145
101143	596075
101261	101263
101263	1112099
101263	1139928
101263	28456
101660	1107095
101662	1107095
101811	101662
101811	1153064
101811	151430
101811	6935
102061	509315
102879	9513
102884	9513
102938	143676
102939	102938
102939	143676
103430	1154074
103430	75318
103482	1114388
103482	1119140
103482	1128990
103482	27510
103482	27514
103515	1113742
103515	1127913
103515	1128314
103515	1129778
103515	1153853
103515	246618
103515	459214
103515	54131
103515	575402
103528	103529
103528	1107171
103529	1107171
103531	1107171
103531	656048
103537	126912
103543	126912
103543	126927
105856	193931
105856	273949
105856	289085
105865	193931
105865	193932
105899	1111304
106590	1095507
106590	1129994
107177	1119751
107251	107252
107251	389715
107569	1107385
107569	1120777
108047	1107418
108047	1128319
108047	1153853
108047	1153899
108047	28336
108047	578645
108047	578646
108047	578649
108047	578898
108962	108963
108962	1095507
108962	159897
108962	310653
108963	108962
108963	1095507
108974	108962
108974	108963
108974	1125469
108974	1133417
108974	66794
108983	108962
108983	159897
108983	310653
108983	683404
109323	137849
110041	1152358
110041	287787
110162	110163
110162	110164
110163	110162
110163	110164
111676	89308
111770	1119623
111866	249858
112099	1114777
112378	1121459
112378	1131728
112378	141868
112378	145215
112378	654177
112787	1120444
114189	88356
114308	63835
114966	1125258
115188	1107728
116021	12960
116081	116087
116081	277263
116084	116087
116084	195150
116084	568045
116084	75972
116512	1107808
116528	1110438
116528	25772
116528	3237
116545	1128291
116545	1128319
116545	116553
116545	246618
116545	578645
116545	578649
116552	116553
116552	246618
116553	246618
116790	345340
117315	28336
117316	117315
117328	1115166
117328	38829
117328	91852
117328	95188
118259	118260
118259	230300
118260	230300
118424	118436
118435	118436
118559	1108209
118559	1121739
118873	1109566
118873	1115959
118873	987188
119686	198443
119686	987188
119712	1114118
119761	143801
