119761	284025
120084	1140543
120817	1109873
120817	1140543
121792	1152394
123556	141160
123556	14807
123556	50354
123825	1131464
123825	1131634
123825	1154276
123825	23448
123825	42847
123825	447250
123825	649730
123825	649739
124064	6163
124064	6220
124064	6224
124224	169279
124224	6898
124296	51834
124734	1108167
124734	25805
124828	1108169
124952	1119742
124952	1123756
124952	1126011
124952	1126012
124952	189721
126793	1131270
126793	16843
126867	1108258
126868	1108258
126868	126867
126909	103543
126912	103543
126912	66990
126920	103543
126920	126927
126920	645897
126926	103543
126926	126909
126927	103543
126927	126920
126927	644093
126927	645897
126927	646286
127033	1108267
127033	416455
127033	574710
127940	1114364
127940	243274
128203	128202
128383	1108329
128540	387795
129042	1108363
129042	1121313
129042	129045
129045	1108363
129045	1121313
129287	907845
131042	40125
131117	152219
131117	212930
131122	212930
131315	411005
131317	411005
131318	411005
132806	45599
132806	48766
132806	593260
132821	695284
133550	1109891
133550	133566
133550	140569
133553	105856
133553	1120049
133563	105856
133563	1120049
133563	133566
133566	1152714
133567	1152714
133567	133566
133615	1128531
133615	1153866
133615	55403
133628	1108570
134060	481073
134128	1113182
134128	1113614
134128	1117760
134199	1114331
134199	164885
134199	447224
134219	1112075
134219	447224
134219	503893
134219	81714
134307	134316
134314	1116044
134314	134316
134315	23069
134316	1117920
134316	142268
134320	23069
135130	1105221
135130	416455
135130	574710
135464	1133004
135464	1135589
135464	120084
135464	237489
135464	8581
135765	6917
135766	135765
135766	449841
135766	6917
135798	1108656
136665	23258
136766	348437
136767	136766
136767	348437
136768	136766
137130	23070
137130	65074
137359	1108728
137359	1118286
137359	1153101
137359	1153150
137380	1108728
137380	37541
137380	85449
137790	10186
137790	1113852
137790	128203
137790	2354
137790	74749
137849	1115291
137849	17242
137868	1110000
137868	1131277
137868	1131300
137868	1154068
137868	642827
137868	91581
137956	13024
139738	1108834
139865	1108841
139865	1110563
140005	86840
141160	1109891
141160	1131345
141160	133553
141160	917493
141171	1121569
141324	1113438
141324	503877
141342	1119708
141342	35061
141342	40
141342	575292
141342	608191
141342	70970
141342	78511
141347	1119708
141596	40125
141868	429805
142268	1110209
142268	1117920
142268	134316
143323	1130539
143323	154134
143323	217139
143323	3084
143323	84021
143476	1112686
143676	102938
143801	284025
144212	1131549
144330	63486
144408	219446
144408	3229
144679	1114239
144701	1112911
144701	1128975
144701	1128997
144701	1136342
144701	22229
144701	595063
145134	129287
145134	641976
145176	1112723
145176	1132418
145176	40124
145215	141868
145215	429805
145215	654177
145315	294126
145315	649944
145384	1153287
145384	7430
145384	95589
147870	1109185
147870	1132434
147870	636500
148170	1109199
148170	1128997
148341	1109208
148341	1131116
149139	1123215
149669	589923
151430	1115670
151708	1120786
152226	1102400
152227	1139928
152227	152226
152227	987197
152483	583318
152483	593091
152731	1109392
152731	23507
153063	1131223
153063	440815
153063	561568
153063	561581
153063	561593
153063	561595
153063	561610
153063	561613
153063	645084
153598	1113459
154023	1112106
154023	1133846
154023	154047
154047	1112106
154047	1133846
154047	154023
154982	1121867
154982	1130927
154982	1130931
154982	1130934
154982	1133028
154982	129897
155158	397590
155158	8687
155736	155738
155738	155736
155738	157761
156794	1109581
156977	1152490
156977	1153861
156977	390889
156977	395547
157401	1118017
157761	219239
157805	6539
158172	445938
158614	10169
158812	1127812
159084	1152711
159084	159085
159084	241821
159085	1152711
159085	241821
159897	310653
159897	683355
160732	1128853
160732	75969
161221	1153922
162075	1109830
162075	162080
162075	737204
162080	1109830
162080	1135345
162080	162075
162080	739707
162664	118682
162664	39165
162664	510718
162664	531348
162664	531351
163235	1109873
164885	447224
166420	1119751
166825	1110024
166825	1118388
166989	1110028
166989	1121063
166989	25805
167670	1123068
168332	86359
169279	1132083
169279	1154103
169280	1132083
169280	1154103
170798	656231
171954	1110256
171954	1135750
171954	1138755
171954	820662
173863	116790
174418	307336
174418	636511
174425	174418
174425	636511
175256	1120643
175256	1133196
175256	682815
175291	52784
175548	105856
175548	1120049
175548	689152
175548	753070
175909	112787
175909	1153891
175909	221302
177115	5069
177993	1110515
177998	1110515
177998	583318
178209	1000012
178209	116084
178209	195150
178209	568045
178209	75972
178718	1110546
178718	69296
178727	1110546
179180	1110563
179180	1126037
179180	139865
179702	1121569
179702	1152859
179702	141171
179702	424540
179706	141171
180187	1131719
180301	1110628
180373	180399
180399	1120084
180399	385572
182093	197054
182094	1131550
182094	197054
182094	650814
184157	95435
184918	171225
184918	330148
187260	1110950
187354	1117786
187354	1127851
187354	372862
188318	1110998
188471	628500
189566	1153014
189566	189856
189566	310742
189566	36802
189566	90470
189571	1154232
189571	189572
189571	521855
189571	714748
189572	1134348
189574	1123689
189620	1129994
189620	1133417
189623	683355
189655	559804
189655	714260
189655	714748
189708	149669
189721	1129518
189774	1134346
189774	714879
189856	1129518
189856	1129994
189856	683355
189856	683404
190698	1114502
190698	190697
190698	198443
190706	144212
190706	182094
191222	191216
191222	708945
192850	272720
192870	1111186
192870	1114398
193347	1129835
193347	1131719
193347	193354
193347	612306
193352	1129835
193352	1131719
193352	193347
193352	193354
193352	612306
193354	1129835
193742	1111230
193742	6152
193918	1111240
193931	1111240
193931	193932
193932	1111240
194223	1126044
194223	390922
194609	1128868
194609	1129572
194609	1154520
194609	126128
194609	215912
194609	31927
194609	563613
194617	1124844
194617	1129572
194617	215912
194617	31932
194645	248823
195150	568045
195361	1111304
195792	1128974
195792	19045
195792	377303
195792	593210
195792	682815
197054	1125092
197452	1135894
197452	424
198443	190697
198653	1113551
198653	1130539
198653	1152896
198653	3084
198653	887
198866	1153728
198866	73327
199571	46431
200630	643734
202520	1115701
202520	446271
202522	446271
202639	1117348
202639	1123087
202639	1154123
202639	1154124
202639	144408
202639	242637
202639	40131
202639	643597
202639	672064
203646	1116569
205192	1132968
205192	578337
205192	99030
205196	1112929
205196	1130568
205196	1130586
205196	628751
205196	628764
205196	628766
205196	815096
205196	950986
206371	69296
206524	48075
208345	1114777
208345	55801
210309	1111978
210871	1117476
210871	1128151
210871	1129629
210871	198653
210871	273152
210871	35
210871	38205
210871	568857
210871	575077
210871	595157
210871	59715
210871	81714
210871	887
210872	1129610
210872	210871
210872	273152
210872	35
210872	593260
210872	606479
212097	1112071
212107	1112071
213246	1122642
213246	34263
213279	197783
215912	31932
216877	1117618
216877	334153
216878	1117618
216878	334153
216878	711527
217115	1112319
217139	154134
217984	1112369
218410	1152663
218410	134128
218682	22874
219218	1112417
219239	12247
219239	157761
219446	1112426
219446	1127812
219446	249421
219446	567018
219976	1116410
220420	1128227
221302	1153891
226698	1112767
226698	1122304
227178	1114502
227178	1128946
227178	1128985
227178	593240
227178	96847
227286	1115790
228990	228992
230300	118260
230879	1130808
230879	1132486
230879	1132948
230879	1133428
230879	1140230
230879	205192
230879	230884
230879	236759
230879	2658
230879	578309
230879	578337
230879	696342
230879	696343
230879	696345
230879	696346
230879	751408
230879	851968
230879	99030
230884	1131607
230884	1132486
230884	1135899
230884	751408
231198	1153195
231198	1153922
231198	144408
231249	1125492
231249	1127913
232605	25413
232606	1132809
232606	232605
232606	25413
232860	1113084
233106	12275
233106	630890
235678	235670
235678	235679
235678	689439
235679	1154524
235679	235670
235679	235678
235679	57773
235679	689439
235683	1154524
235683	235670
235683	235678
235683	235679
235683	57773
237489	1120059
237489	2665
237521	2665
238099	1127851
238401	1125386
239800	95718
239810	359067
240321	1132434
240321	1132459
240321	1136397
240321	1154123
240321	1154124
240321	428610
240321	447250
240321	675649
240321	675847
240321	69392
240791	1113438
240791	45605
240791	503871
240791	650834
241133	1113459
241821	1152711
241821	159085
242637	1113541
243483	459214
245288	1122460
246618	1113742
246618	116553
248395	1113828
248395	58552
248425	1113831
248425	1121398
248425	592975
248425	594387
248431	1113831
248823	682666
249421	1127812
249421	567018
249858	111866
250566	1113926
251756	1102550
251756	195792
252715	601561
253762	23116
253971	1129621
254923	108047
254923	444240
255233	33303
255628	1135589
255628	1140543
255628	120084
256106	1114192
258259	168958
259701	1114331
259702	1114331
259702	1131116
259772	1114336
260121	1114352
260979	1114388
261040	110164
261040	1117184
262108	1114442
262121	1114442
262178	1114442
262178	1138968
262178	85449
263069	1131116
263069	148341
263279	1114502
263482	1114512
263482	1118302
263482	263486
263486	1114512
263498	1152761
263498	1153860
263553	1117219
263553	662416
263553	6910
264347	1153183
264556	120084
264556	289085
264556	335042
265203	86359
267003	75121
267824	1153195
267824	69198
270456	203646
270456	63549
270600	1114838
270600	1153003
272720	192850
273152	210871
273949	1114992
278394	627024
278394	851968
278403	627024
280876	1115291
282700	1115375
284023	1152958
284023	1152959
284023	119761
284023	346292
284025	119761
284025	949217
284414	1115456
285687	285675
286513	1131557
286513	177993
287787	1123756
287787	1130847
287787	1130856
287787	415693
287787	503883
287787	634902
287787	634904
287787	634938
287787	634975
287787	647447
288107	1123215
289085	689152
289088	689152
289779	289780
289779	801170
289780	1128453
289780	1153784
289780	801170
289781	1128453
289781	1153784
289781	289780
289781	801170
289885	1115701
289885	20924
289945	48550
292277	578845
293271	293285
293974	1125469
294030	20924
294126	649944
300806	1133010
300806	29723
300806	396412
300806	6818
302545	1152858
307015	1131198
307015	335733
307015	39474
307015	643199
307336	285675
307336	708945
307656	1131360
307656	270085
310530	38839
310653	159897
314459	1121603
315789	1138027
315789	1139195
318071	1153014
318187	1116922
321004	1117049
321861	1117089
325314	1122704
330148	184918
330148	23502
330208	469504
330208	99025
334153	1117618
335042	1117653
335042	289085
335733	643199
337766	110162
340078	928873
340078	949217
340299	74427
341188	1117942
341188	682666
342802	2695
346243	521251
346292	1152958
346292	284023
348305	193352
350319	193932
354004	1118546
358866	358894
358866	79809
358884	358894
358887	358894
358887	79809
360028	1118823
365294	7430
367312	1119211
367312	746058
368431	30901
368605	1153003
368657	400455
370366	1140040
370366	641956
370366	928873
375605	1119505
375825	1119623
376704	1119654
377303	1129572
379288	67633
380341	60560
384428	1120019
385067	272345
385572	1120084
387795	128540
389715	107251
389715	107252
390693	1131639
395540	1130676
395553	395547
395553	684972
395725	1135115
395725	1153933
397488	1120643
397488	1134865
397590	1120650
399339	1120731
399370	60159
400356	1120777
400356	66990
400455	368657
400473	131117
408885	1154173
409255	1153097
415693	254923
416867	1121537
416964	127940
421481	375825
423816	1134865
423816	48781
424540	48555
427606	1050679
427606	1131634
427606	1138968
427606	62329
430329	127940
430574	1105622
430711	1132416
430711	671052
431206	662572
440815	645571
444191	1154068
444191	6910
445938	315266
446610	300071
447224	164885
449841	1123093
458439	1123493
459206	1123530
459213	1123530
459214	1123530
459216	1123530
459216	593210
466170	66794
467383	1128977
467383	116553
486840	1128975
486840	595063
503877	1131374
503877	1153577
503877	1154076
503883	1131374
503883	1153577
503883	1154076
503883	577331
503883	646809
503883	646836
503883	646913
503883	647413
503883	647447
503893	1153577
503893	33904
503893	646837
509379	1125393
513189	1125597
513189	573964
513189	576691
513189	787016
519318	1125906
519353	1125909
520471	1125953
521183	1125992
521183	521207
521183	521251
521207	521269
521251	1125992
521252	1125992
521269	1125993
521855	519353
522338	1132864
522338	683360
523010	1126044
523010	1140543
523394	714975
523574	1154229
523574	523394
523574	653441
523574	714289
529165	1126315
531348	531351
531351	531348
545647	582511
559804	653441
559804	714289
560936	562123
560936	91581
561364	642827
561568	153063
561581	561582
561581	646440
561582	561581
561593	1131223
561595	561581
561595	561582
561610	561595
561611	561595
561611	561610
561613	153063
561613	561568
561674	1127541
561674	561581
561674	562067
561789	1127551
561789	561674
561789	562067
561809	1127558
561809	1131300
561809	562067
562067	1127566
562123	560936
562940	1127619
562940	61417
563613	1129572
563613	31927
566653	3085
566653	566664
566664	3085
567005	1127810
567018	1127812
568857	1129629
568857	1153816
573535	693143
573553	1129608
573553	1135750
573553	1138970
573553	171954
573553	820662
573964	513189
573964	576691
573964	787016
574009	594900
574264	576795
574264	815096
575077	117316
575077	579008
575077	593544
575077	594649
575077	608190
575077	608191
575077	66556
575077	94641
575292	1131734
575292	1138968
575402	1129778
575795	1128975
575795	595063
576257	1153943
576257	594649
576362	1129629
576362	286500
576362	568857
576691	1128198
576725	576795
576795	1128201
576973	1128208
576973	58758
577227	1131752
577331	1128227
578306	578347
578309	578347
578337	1132486
578337	236759
578337	696345
578337	696346
578337	99023
578347	578309
578365	578306
578365	578309
578646	1128291
578646	1128319
578646	1153899
578646	1153900
578646	578645
578646	578649
578650	1128291
578650	1153853
578650	578649
578669	1128943
578669	1128978
578845	578645
578845	593240
578845	593559
578845	593560
578898	578646
579008	1128943
579008	1128978
579008	248425
579008	593921
579008	594387
579108	1128314
582139	1128425
582139	1130680
582343	1128437
582349	1128437
582511	545647
589923	590022
591016	1128856
591016	591017
591017	1128856
592826	1128935
592830	1128935
592973	592975
592973	592986
592975	592986
592986	592975
592993	1128943
592993	1128978
592993	593105
592996	1128943
592996	1128978
593022	1128946
593060	1128977
593091	593248
593104	1129015
593104	593921
593104	593942
593155	593240
593201	594649
593209	593210
593240	1136791
593240	593210
593328	87363
593329	87363
593544	1128982
593559	593560
593560	593559
593942	1129015
593942	1153896
594011	1153896
594011	593942
594039	1129015
594047	1129629
594047	650834
594119	1129021
594483	1129040
594511	1153899
594511	1153900
601462	1129367
601462	1129368
601462	1129369
604073	1129494
606479	1129610
608190	608191
608190	70970
608191	70970
608326	1129683
608326	1131611
610529	1153946
612306	1131719
612306	193347
613409	1129907
616336	689439
617378	1130069
617575	1130080
621555	1130243
626530	1130454
626530	1154012
626530	626531
626530	626574
626531	1130454
626531	626574
626574	1154012
626999	139547
626999	911198
627024	911198
628458	628459
628500	1130600
628500	188471
628667	628668
628751	628764
628751	950986
628815	1130567
628888	628764
630817	1130676
630890	1130678
631015	396412
631015	631052
632796	884094
632874	40583
633030	633031
633031	633030
633081	1130780
633081	31489
633081	40605
633081	632796
633081	632874
633585	40605
633585	633721
633585	884094
633721	1130915
634902	634975
634904	634975
634938	1130847
640617	259702
641956	1131149
641956	1131150
641976	1131150
641976	672070
641976	672071
642593	1131163
642621	1131164
642621	1131258
642621	16819
642641	645084
642681	1131167
642681	1131236
642681	644093
642681	644334
642681	644441
642681	646286
642798	1131172
642798	644470
642847	642681
642894	1131180
642894	1131236
642894	1131301
642894	1131312
642894	1131335
642894	642798
642894	643239
642894	643485
642894	645046
642894	645870
642894	646286
642894	646334
642894	646357
642920	1131184
642920	642930
642930	1131184
643003	1131189
643069	1131192
643199	1131198
643221	1131236
643221	1131257
643221	1131305
643221	1131312
643221	1131334
643221	1131335
643221	126927
643221	16819
643221	642894
643221	643239
643221	643485
643221	644093
643221	644448
643221	644577
643221	645897
643221	646286
643239	1131312
643239	1131334
643239	126927
643239	16819
643239	643221
643239	644093
643485	643221
643695	1154068
643695	643597
643734	643777
643735	643734
644093	1131236
644361	645016
644363	645016
644427	1131257
644427	644577
644441	1131258
644441	644334
644448	1131258
644448	1131314
644448	644470
644448	644494
644494	1131314
644494	644470
644577	1131301
644577	1131305
644577	1131334
644577	643485
644577	645897
644843	1131274
644843	645016
645016	1154071
645046	1131301
645046	646334
645046	646357
645084	1131277
645088	1131277
645088	645084
645452	645016
645571	645897
645870	1131301
645870	644494
645897	126927
646286	6913
646289	6913
646334	646357
646357	646334
646412	1131330
646809	1131374
646809	1154076
646809	646913
646900	1131359
646900	1131360
646900	1132731
646900	646913
646913	1131359
646913	647413
647315	1154076
647447	577331
648106	1131421
648106	648112
648112	1131420
648112	1131421
648112	648106
648112	648121
648121	1131420
648121	648106
648232	567005
648369	1131414
649730	1131464
649731	1131464
649731	123825
649739	1131464
650807	1131549
650807	1131565
650814	1131550
653441	1134346
653441	189774
653628	1133930
654177	1131728
654326	1131741
654326	654339
654339	1131741
654339	654326
654519	1131754
656048	1131828
656231	103531
662250	1132073
662416	1123188
662572	431206
671052	1132406
671269	1132418
671269	1132443
671269	1132461
671269	1154123
671269	1154124
671293	1132443
672064	6130
672070	1132443
672070	1154123
672070	1154124
672070	6130
672070	672071
672071	1132443
672071	1132461
672071	6130
672071	672070
675649	1132505
675756	1132505
675756	675649
675847	1132505
682508	1132857
683294	1132857
683294	682508
683355	683404
683360	683404
683404	683355
684531	684372
684972	395547
684986	395553
684986	684972
687401	273949
688824	1133008
688849	1133010
689152	289085
693143	573535
693143	695284
696343	1133428
696345	236759
696345	2658
696345	696342
696345	696346
709113	1134031
709518	1134056
711994	1134197
714208	189774
714256	1154232
714256	1154233
714256	189572
714256	714260
714256	714748
714260	559804
714260	714879
714289	1154230
714289	1154232
714289	189571
714289	559804
714289	714208
733167	1154276
733534	1135122
733534	948147
733576	1135082
734406	1135115
735303	735311
738941	1135455
738941	162080
739280	367312
739280	746058
739707	950305
739816	1135894
739816	1140543
739816	1140548
746058	367312
751408	1135899
752684	1135955
753047	1136631
753047	1136634
753047	753070
753047	753264
753047	753265
753047	767763
753070	753047
753070	753264
753070	767763
753264	753047
753264	767763
753265	753047
754594	1136040
755082	1136393
756061	1136110
756061	1136446
756061	1136447
762980	1136446
762980	1136447
763009	1136446
763009	1136447
763009	1136449
763010	1136446
763010	1136447
763010	1136449
763010	762980
767763	1136631
779960	1137140
787016	573978
814836	1138619
815073	205196
815096	205196
817774	820661
824245	1139009
851968	1140231
853114	19621
853114	853116
853114	853155
853115	19621
853115	853114
853115	853116
853115	853155
853116	19621
853116	853155
853118	1140289
853155	853118
954315	1155073
